;mass E;;
t;x;y;
0,000;35,00;434,5
0,321;37,00;438,4
0,642;33,41;438,5
0,962;32,78;441,7
1,283;30,77;442,3
1,604;29,41;442,6
1,925;31,97;442,6
2,246;32,49;442,7
2,567;27,24;442,5
2,887;26,10;445,4
3,208;27,02;444,4
3,529;26,75;443,7
3,850;24,97;444,4
4,171;26,38;442,3
4,491;24,13;440,8
4,812;25,35;438,6
5,133;26,88;440,0
5,454;28,72;440,0
5,775;29,21;440,6
6,096;30,70;440,5
6,416;34,25;438,8
6,737;40,33;440,0
7,058;39,08;436,1
7,379;38,32;436,7
7,700;34,80;434,5
8,021;31,88;436,2
8,341;32,71;437,7
8,662;31,98;438,2
8,983;35,45;442,3
9,304;35,52;441,6
9,625;33,10;441,1
9,945;32,04;446,4
10,266;30,14;440,3
10,587;32,22;440,6
10,908;37,12;436,3
11,229;33,62;438,5
11,550;29,61;434,0
11,870;29,78;430,5
12,191;30,11;430,4
12,512;31,93;431,0
12,833;34,13;430,5
13,154;34,23;429,4
13,474;34,75;428,3
13,795;35,87;426,8
14,116;36,22;422,2
14,437;33,58;421,8
14,758;37,38;420,7
15,079;35,73;418,1
15,399;35,24;420,6
15,720;35,25;418,6
16,041;33,69;414,7
16,362;37,28;415,0
16,683;34,34;414,1
17,004;35,85;408,7
17,324;38,33;407,6
17,645;38,26;406,9
17,966;33,77;405,3
18,287;36,43;405,2
18,608;40,08;406,4
18,928;43,22;405,2
19,249;43,52;403,4
19,570;44,66;400,5
19,891;49,15;396,2
20,212;51,73;397,4
20,533;49,34;399,9
20,853;50,61;397,0
21,174;54,43;396,7
21,495;51,35;400,5
21,816;50,48;405,9
22,137;56,26;404,4
22,457;57,64;403,1
22,778;55,10;404,9
23,099;54,99;406,3
23,420;58,59;407,1
23,741;54,82;408,5
24,062;60,67;405,0
24,382;57,82;407,4
24,703;59,21;406,8
25,024;58,99;404,9
25,345;57,48;404,2
25,666;59,16;402,3
25,987;61,58;401,1
26,307;64,85;403,4
26,628;67,32;402,4
26,949;69,84;404,5
27,270;67,44;405,7
27,591;66,37;402,9
27,911;68,47;408,2
28,232;68,61;404,6
28,553;69,95;406,4
28,874;66,39;410,2
29,195;66,43;411,4
29,516;67,68;414,1
29,836;66,17;412,2
30,157;70,15;410,9
30,478;72,70;411,6
30,799;74,93;412,5
31,120;74,88;416,8
31,440;70,22;420,7
31,761;73,66;418,3
32,082;74,44;421,5
32,403;75,16;423,0
32,724;77,10;426,2
33,045;78,89;429,2
33,365;81,15;424,4
33,686;81,36;423,7
34,007;80,96;422,6
34,328;84,17;423,9
34,649;88,05;424,2
34,970;88,46;422,0
35,290;89,80;418,3
35,611;86,40;420,6
35,932;89,54;418,9
36,253;90,22;420,9
36,574;90,84;420,2
36,894;91,86;422,9
37,215;96,30;422,8
37,536;93,88;421,9
37,857;92,95;424,6
38,178;92,81;426,3
38,499;92,25;425,1
38,819;92,88;426,2
39,140;92,55;427,7
39,461;91,52;428,5
39,782;90,92;428,7
40,103;88,61;432,3
40,423;91,29;432,1
40,744;94,56;434,1
41,065;93,69;433,9
41,386;94,20;431,8
41,707;92,91;428,8
42,028;87,22;429,6
42,348;85,14;426,2
42,669;86,58;424,5
42,990;83,38;423,5
43,311;83,35;422,8
43,632;88,14;425,2
43,953;85,53;425,6
44,273;81,74;425,5
44,594;80,77;426,0
44,915;78,04;426,2
45,236;82,25;428,3
45,557;82,16;428,4
45,877;82,74;429,6
46,198;81,85;430,4
46,519;78,41;432,8
46,840;80,44;434,5
47,161;76,59;434,7
47,482;77,49;432,9
47,802;78,65;430,8
48,123;79,49;425,9
48,444;79,09;425,9
48,765;79,14;427,9
49,086;79,72;428,8
49,406;79,43;431,3
49,727;78,42;428,1
50,048;75,45;430,2
50,369;79,54;430,4
50,690;80,98;432,3
51,011;82,29;434,4
51,331;82,49;433,9
51,652;86,95;435,9
51,973;86,57;440,4
52,294;89,14;441,9
52,615;89,45;443,4
52,936;90,88;445,4
53,256;89,36;447,2
53,577;85,80;448,5
53,898;85,84;445,4
54,219;84,96;445,1
54,540;87,06;441,3
54,860;88,15;443,2
55,181;85,67;440,6
55,502;83,11;440,3
55,823;83,16;440,6
56,144;81,44;440,2
56,465;77,10;438,4
56,785;73,42;438,6
57,106;71,94;440,5
57,427;73,62;442,3
57,748;69,82;440,8
58,069;71,68;439,0
58,389;72,88;442,3
58,710;72,54;442,9
59,031;73,53;442,8
59,352;73,11;442,3
59,673;72,60;442,3
59,994;73,27;444,7
60,314;77,41;447,1
60,635;76,72;450,4
60,956;76,49;450,4
61,277;73,01;447,3
61,598;73,53;444,2
61,919;74,85;438,5
62,239;76,90;440,5
62,560;73,72;438,4
62,881;71,59;439,1
63,202;72,52;436,5
63,523;74,03;437,1
63,843;75,56;438,6
64,164;74,23;439,7
64,485;75,57;440,6
64,806;77,24;438,4
65,127;78,49;437,1
65,448;78,01;436,0
65,768;74,97;437,0
66,089;75,97;434,7
66,410;77,05;430,7
66,731;80,98;429,9
67,052;84,20;430,1
67,372;85,04;427,0
67,693;87,34;423,5
68,014;89,62;427,3
68,335;90,96;426,9
68,656;88,74;426,2
68,977;91,29;427,6
69,297;93,39;427,0
69,618;94,15;419,3
69,939;96,00;423,0
70,260;97,50;431,2
70,581;96,76;432,6
70,902;98,19;427,3
71,222;99,29;429,8
71,543;101,1;434,9
71,864;100,4;435,7
72,185;99,35;432,4
72,506;95,47;433,1
72,826;95,28;434,8
73,147;101,0;433,2
73,468;100,3;427,1
73,789;97,50;427,2
74,110;90,85;425,5
74,431;88,38;423,4
74,751;86,42;426,5
75,072;87,21;426,9
75,393;91,02;431,0
75,714;90,17;432,3
76,035;85,51;430,3
76,355;85,53;426,0
76,676;85,87;427,6
76,997;89,76;426,9
77,318;89,74;422,1
77,639;91,81;424,2
77,960;86,78;424,3
78,280;87,21;425,0
78,601;85,11;426,9
78,922;82,08;425,2
79,243;81,96;426,8
79,564;84,01;423,9
79,885;83,57;425,4
80,205;83,42;426,9
80,526;83,99;429,1
80,847;85,99;427,6
81,168;88,19;426,1
81,489;86,43;426,3
81,809;85,40;428,6
82,130;81,76;425,9
82,451;83,41;426,6
82,772;87,46;427,4
83,093;83,96;427,1
83,414;84,59;426,1
83,734;83,94;430,9
84,055;82,16;423,0
84,376;81,31;426,3
84,697;86,93;428,4
85,018;85,21;426,8
85,338;86,06;426,4
85,659;81,30;428,2
85,980;79,88;431,0
86,301;78,37;430,1
86,622;79,52;434,4
86,943;74,99;435,3
87,263;75,88;436,5
87,584;77,51;430,7
87,905;72,50;434,6
88,226;73,29;434,9
88,547;71,97;436,7
88,868;72,08;439,2
89,188;73,12;434,4
89,509;71,21;432,6
89,830;70,26;427,6
90,151;73,41;427,8
90,472;72,67;425,9
90,792;73,20;426,2
91,113;70,66;427,8
91,434;66,11;424,1
91,755;66,72;422,6
92,076;64,98;423,4
92,397;65,14;423,2
92,717;67,23;419,9
93,038;67,22;417,4
93,359;74,57;415,8
93,680;77,50;417,0
94,001;75,59;416,6
94,321;76,70;417,5
94,642;77,91;419,7
94,963;78,72;419,3
95,284;84,06;417,7
95,605;87,71;416,8
95,926;89,63;417,9
96,246;92,01;420,5
96,567;92,53;425,0
96,888;90,20;420,6
97,209;90,72;417,9
97,530;86,70;414,9
97,850;86,27;412,1
98,171;84,89;407,5
98,492;86,30;402,9
98,813;85,62;403,9
99,134;89,04;399,3
99,455;92,81;401,6
99,775;91,01;404,5
100,096;91,81;404,7
100,417;87,60;405,4
100,738;93,82;404,0
101,059;97,81;406,0
101,380;99,43;404,2
101,700;98,90;405,6
102,021;97,44;412,3
102,342;102,3;410,4
102,663;103,1;413,8
102,984;104,0;414,2
103,304;103,1;414,2
103,625;107,8;413,6
103,946;110,3;414,4
104,267;107,4;414,6
104,588;108,5;413,2
104,909;107,2;407,5
105,229;105,2;404,4
105,550;105,4;403,5
105,871;101,6;398,3
106,192;100,4;398,5
106,513;101,9;395,9
106,833;102,9;395,3
107,154;103,1;395,6
107,475;98,61;397,0
107,796;94,81;392,1
108,117;95,18;391,0
108,438;98,81;390,3
108,758;100,8;388,1
109,079;99,21;385,0
109,400;101,9;385,2
109,721;105,6;386,4
110,042;108,6;388,1
110,363;108,8;387,1
110,683;108,3;387,1
111,004;110,7;389,3
111,325;111,1;386,0
111,646;112,6;388,0
111,967;111,8;389,5
112,287;112,5;390,7
112,608;113,0;387,0
112,929;115,7;387,3
113,250;119,5;385,2
113,571;119,2;385,7
113,892;120,8;384,7
114,212;116,9;384,6
114,533;117,4;388,7
114,854;116,1;388,6
115,175;114,1;387,6
115,496;116,0;387,7
115,816;119,4;385,2
116,137;119,0;387,4
116,458;119,1;388,8
116,779;121,3;388,9
117,100;121,6;392,1
117,421;118,9;395,1
117,741;118,5;392,4
118,062;119,8;392,9
118,383;122,9;394,6
118,704;122,9;397,7
119,025;123,7;398,2
119,346;122,1;399,9
119,666;121,4;402,4
119,987;118,3;398,9
120,308;119,0;401,1
120,629;125,0;400,7
120,950;121,8;400,6
121,270;121,4;403,1
121,591;121,6;401,5
121,912;119,7;404,3
122,233;115,5;406,8
122,554;112,3;408,3
122,875;113,1;406,6
123,195;113,2;408,4
123,516;107,2;408,9
123,837;111,8;409,3
124,158;114,9;410,8
124,479;115,9;407,9
124,799;117,5;405,9
125,120;118,1;406,0
125,441;117,8;406,3
125,762;122,4;407,2
126,083;120,5;406,2
126,404;121,5;408,7
126,724;121,3;410,4
127,045;123,2;412,3
127,366;121,6;414,1
127,687;121,1;411,1
128,008;122,3;409,6
128,329;122,1;410,8
128,649;119,6;413,1
128,970;117,9;413,7
129,291;121,6;413,0
129,612;124,3;411,4
129,933;128,3;411,1
130,253;127,8;406,8
130,574;129,4;405,2
130,895;128,7;402,2
131,216;126,1;397,4
131,537;128,9;393,4
131,858;129,1;391,3
132,178;123,6;386,0
132,499;123,2;385,3
132,820;121,2;380,8
133,141;119,9;378,1
133,462;119,7;380,1
133,782;120,2;380,2
134,103;124,6;384,3
134,424;121,7;383,9
134,745;123,0;378,7
135,066;122,2;381,4
135,387;125,0;383,0
135,707;124,0;382,9
136,028;125,9;384,2
136,349;128,5;386,6
136,670;125,2;387,7
136,991;123,0;386,4
137,312;121,2;383,3
137,632;119,2;387,4
137,953;117,1;388,6
138,274;119,9;388,4
138,595;120,2;386,7
138,916;118,4;385,2
139,236;117,4;384,6
139,557;119,2;385,4
139,878;120,4;386,9
140,199;120,2;388,8
140,520;123,0;388,9
140,841;127,2;386,0
141,161;125,0;385,0
141,482;127,3;386,1
141,803;132,1;388,1
142,124;130,1;391,8
142,445;131,8;391,3
142,765;132,6;392,2
143,086;126,4;391,5
143,407;125,6;389,9
143,728;123,3;397,9
144,049;126,0;401,0
144,370;122,4;398,3
144,690;124,5;400,3
145,011;126,4;398,8
145,332;127,9;398,2
145,653;128,2;397,9
145,974;125,5;396,5
146,295;124,9;394,3
146,615;120,9;394,5
146,936;122,2;400,3
147,257;125,2;398,7
147,578;125,0;396,9
147,899;125,0;400,6
148,219;124,9;398,3
148,540;123,6;394,2
148,861;120,6;393,3
149,182;120,6;390,6
149,503;119,4;389,3
149,824;121,6;387,5
150,144;123,7;389,0
150,465;123,1;390,0
150,786;123,0;389,5
151,107;122,8;387,3
151,428;122,6;388,0
151,748;123,3;383,8
152,069;121,1;383,6
152,390;122,0;386,6
152,711;118,2;387,9
153,032;117,8;390,3
153,353;116,7;390,2
153,673;119,1;387,3
153,994;115,9;388,8
154,315;115,8;392,4
154,636;117,3;394,9
154,957;120,0;392,4
155,278;118,4;390,8
155,598;120,6;392,3
155,919;124,1;389,5
156,240;124,3;387,8
156,561;124,1;385,5
156,882;122,0;384,6
157,202;118,2;380,6
157,523;112,3;382,8
157,844;111,5;382,5
158,165;111,2;380,7
158,486;114,4;379,2
158,807;112,3;379,4
159,127;114,6;376,0
159,448;112,2;373,9
159,769;113,0;373,0
160,090;116,4;373,9
160,411;116,9;374,3
160,731;113,6;378,0
161,052;114,7;378,6
161,373;115,1;379,4
161,694;113,5;381,9
162,015;108,3;380,3
162,336;112,5;377,4
162,656;108,3;380,5
162,977;107,1;376,2
163,298;107,0;372,7
163,619;109,6;367,0
163,940;107,8;366,3
164,261;104,0;362,2
164,581;102,5;364,2
164,902;101,1;368,5
165,223;97,67;364,8
165,544;94,82;359,3
165,865;96,35;359,5
166,185;97,14;360,1
166,506;95,73;361,6
166,827;97,22;359,0
167,148;101,0;356,4
167,469;103,1;358,3
167,790;103,7;358,3
168,110;103,7;358,2
168,431;104,1;358,2
168,752;107,2;356,3
169,073;106,2;354,2
169,394;106,6;354,1
169,714;106,4;352,5
170,035;104,0;350,3
170,356;107,4;348,8
170,677;104,6;350,6
170,998;104,4;348,9
171,319;106,2;346,9
171,639;101,8;351,2
171,960;105,3;355,6
172,281;109,3;358,1
172,602;106,9;358,7
172,923;106,7;355,3
173,244;107,2;356,8
173,564;104,3;353,5
173,885;105,9;356,6
174,206;105,0;355,6
174,527;104,0;356,3
174,848;101,1;358,3
175,168;104,8;359,1
175,489;103,5;357,1
175,810;103,9;351,5
176,131;104,0;351,6
176,452;107,0;352,8
176,773;109,1;355,9
177,093;106,6;353,1
177,414;102,1;355,8
177,735;100,9;355,1
178,056;102,5;353,6
178,377;101,8;351,8
178,697;96,21;358,3
179,018;98,48;360,6
179,339;98,12;357,0
179,660;95,51;356,9
179,981;100,3;354,3
180,302;103,7;354,1
180,622;104,7;351,7
180,943;98,37;349,9
181,264;101,6;353,0
181,585;103,0;353,5
181,906;100,6;353,5
182,226;96,62;355,6
182,547;95,48;357,0
182,868;96,96;357,6
183,189;95,10;359,6
183,510;96,53;362,3
183,831;96,79;365,5
184,151;92,53;362,9
184,472;89,87;358,7
184,793;89,51;360,7
185,114;90,39;363,2
185,435;86,42;362,8
185,756;88,65;364,9
186,076;86,36;367,5
186,397;83,19;370,7
186,718;81,35;366,9
187,039;80,89;369,4
187,360;78,31;370,1
187,680;81,13;367,5
188,001;83,43;369,5
188,322;85,50;369,8
188,643;83,18;367,6
188,964;81,12;367,8
189,285;81,70;366,6
189,605;82,69;363,2
189,926;85,66;363,8
190,247;84,03;364,9
190,568;81,53;365,7
190,889;77,79;368,7
191,209;76,81;370,1
191,530;76,80;368,2
191,851;80,37;370,1
192,172;83,80;365,1
192,493;88,46;360,6
