;mass B;;
t;x;y;
0,000;-109,6;-84,17
0,321;-109,7;-83,53
0,642;-109,2;-83,16
0,962;-106,8;-84,15
1,283;-107,6;-84,11
1,604;-107,8;-83,62
1,925;-106,4;-85,24
2,246;-108,9;-88,28
2,567;-108,5;-91,55
2,887;-108,7;-93,43
3,208;-107,7;-93,06
3,529;-106,1;-90,03
3,850;-106,7;-86,13
4,171;-111,9;-84,73
4,491;-113,0;-86,05
4,812;-109,0;-87,11
5,133;-106,4;-84,03
5,454;-108,2;-84,98
5,775;-109,9;-87,35
6,096;-106,1;-87,07
6,416;-105,4;-83,73
6,737;-106,3;-83,91
7,058;-101,6;-81,59
7,379;-106,2;-79,69
7,700;-109,6;-81,82
8,021;-115,4;-77,13
8,341;-118,6;-82,16
8,662;-120,9;-79,78
8,983;-121,6;-76,88
9,304;-123,8;-76,34
9,625;-123,4;-73,43
9,945;-124,3;-76,34
10,266;-130,4;-73,86
10,587;-125,3;-75,91
10,908;-131,1;-77,77
11,229;-129,8;-82,98
11,550;-131,6;-83,59
11,870;-131,8;-84,53
12,191;-135,0;-86,93
12,512;-137,3;-86,06
12,833;-138,7;-84,70
13,154;-139,8;-81,40
13,474;-140,0;-83,03
13,795;-140,0;-85,03
14,116;-135,9;-83,96
14,437;-140,3;-84,32
14,758;-139,3;-87,16
15,079;-139,7;-86,04
15,399;-139,6;-85,37
15,720;-137,9;-87,99
16,041;-139,4;-91,40
16,362;-138,6;-87,76
16,683;-140,9;-86,03
17,004;-142,9;-85,53
17,324;-145,1;-88,03
17,645;-141,0;-84,48
17,966;-139,1;-83,01
18,287;-137,0;-84,18
18,608;-134,7;-83,90
18,928;-132,7;-81,49
19,249;-129,3;-81,18
19,570;-133,6;-76,39
19,891;-131,1;-80,01
20,212;-133,3;-82,41
20,533;-133,2;-84,25
20,853;-132,7;-80,02
21,174;-133,1;-84,42
21,495;-133,4;-82,82
21,816;-132,8;-86,74
22,137;-132,6;-84,26
22,457;-130,9;-83,95
22,778;-131,9;-86,29
23,099;-132,2;-82,86
23,420;-133,2;-83,67
23,741;-130,1;-84,63
24,062;-136,2;-81,82
24,382;-135,3;-86,08
24,703;-129,6;-88,86
25,024;-130,1;-89,82
25,345;-132,2;-93,22
25,666;-132,8;-94,13
25,987;-133,5;-95,62
26,307;-137,5;-97,76
26,628;-139,1;-98,32
26,949;-139,1;-99,22
27,270;-140,6;-101,1
27,591;-142,2;-106,3
27,911;-141,0;-108,4
28,232;-138,6;-107,2
28,553;-139,3;-108,6
28,874;-139,1;-109,9
29,195;-136,4;-108,2
29,516;-135,7;-108,6
29,836;-135,6;-106,3
30,157;-133,4;-103,7
30,478;-133,1;-100,6
30,799;-130,5;-100,2
31,120;-129,1;-100,7
31,440;-129,4;-102,1
31,761;-129,9;-104,0
32,082;-130,1;-103,2
32,403;-132,8;-106,1
32,724;-135,5;-103,9
33,045;-138,7;-104,2
33,365;-140,0;-104,7
33,686;-142,8;-103,9
34,007;-148,3;-105,4
34,328;-151,1;-99,92
34,649;-150,2;-102,8
34,970;-150,0;-104,6
35,290;-151,6;-104,8
35,611;-151,4;-102,4
35,932;-150,6;-100,3
36,253;-153,0;-99,92
36,574;-153,1;-100,3
36,894;-152,9;-96,21
37,215;-151,1;-95,86
37,536;-153,3;-95,71
37,857;-151,0;-94,01
38,178;-148,0;-94,33
38,499;-147,3;-99,00
38,819;-146,8;-97,86
39,140;-146,2;-100,3
39,461;-146,2;-100,2
39,782;-150,7;-100,6
40,103;-152,6;-98,71
40,423;-151,7;-95,24
40,744;-153,1;-90,32
41,065;-158,2;-90,03
41,386;-154,8;-84,57
41,707;-155,2;-84,55
42,028;-157,8;-83,77
42,348;-158,6;-82,15
42,669;-158,8;-79,06
42,990;-161,6;-80,17
43,311;-160,7;-83,35
43,632;-161,1;-83,63
43,953;-164,5;-82,63
44,273;-164,1;-85,95
44,594;-164,1;-83,53
44,915;-161,3;-82,34
45,236;-156,6;-83,21
45,557;-156,2;-84,98
45,877;-153,5;-83,96
46,198;-151,6;-82,32
46,519;-152,7;-81,43
46,840;-156,1;-83,19
47,161;-151,3;-84,36
47,482;-149,4;-83,29
47,802;-146,7;-84,77
48,123;-143,6;-85,77
48,444;-146,5;-84,00
48,765;-148,7;-82,81
49,086;-151,2;-83,47
49,406;-153,1;-81,75
49,727;-152,3;-81,25
50,048;-152,4;-81,60
50,369;-153,6;-82,19
50,690;-152,9;-86,60
51,011;-155,0;-88,17
51,331;-156,9;-87,66
51,652;-155,9;-87,73
51,973;-157,7;-86,88
52,294;-160,0;-86,96
52,615;-151,0;-85,15
52,936;-149,8;-83,75
53,256;-152,4;-80,54
53,577;-156,2;-80,64
53,898;-160,9;-83,45
54,219;-158,3;-87,08
54,540;-157,1;-85,51
54,860;-158,5;-85,89
55,181;-154,9;-86,84
55,502;-152,9;-88,67
55,823;-154,2;-91,21
56,144;-151,5;-90,49
56,465;-152,1;-91,34
56,785;-155,8;-97,36
57,106;-160,0;-95,76
57,427;-162,7;-95,05
57,748;-165,8;-99,42
58,069;-170,3;-101,6
58,389;-175,3;-97,85
58,710;-175,0;-100,1
59,031;-171,9;-102,5
59,352;-172,0;-103,8
59,673;-175,1;-101,8
59,994;-176,5;-98,44
60,314;-175,1;-94,16
60,635;-175,4;-97,56
60,956;-176,8;-97,66
61,277;-174,8;-97,93
61,598;-174,8;-97,84
61,919;-177,3;-99,93
62,239;-179,9;-97,67
62,560;-179,9;-98,50
62,881;-178,7;-102,2
63,202;-181,3;-99,58
63,523;-181,2;-101,1
63,843;-181,6;-102,6
64,164;-181,7;-101,9
64,485;-178,4;-102,4
64,806;-182,3;-103,4
65,127;-181,8;-106,4
65,448;-179,3;-103,0
65,768;-176,7;-103,5
66,089;-174,5;-101,3
66,410;-174,9;-103,3
66,731;-176,0;-105,4
67,052;-176,4;-102,7
67,372;-175,4;-101,8
67,693;-175,8;-105,5
68,014;-174,9;-102,1
68,335;-175,3;-100,3
68,656;-175,9;-105,5
68,977;-175,8;-104,6
69,297;-176,2;-102,8
69,618;-176,9;-101,7
69,939;-181,6;-100,2
70,260;-176,4;-98,77
70,581;-176,6;-94,37
70,902;-176,1;-94,24
71,222;-175,8;-94,20
71,543;-175,8;-93,63
71,864;-174,8;-94,71
72,185;-176,3;-95,94
72,506;-174,9;-94,81
72,826;-178,2;-95,11
73,147;-175,7;-96,68
73,468;-178,0;-97,90
73,789;-177,8;-97,75
74,110;-177,6;-96,01
74,431;-179,7;-96,96
74,751;-177,2;-92,82
75,072;-178,5;-91,56
75,393;-178,2;-90,07
75,714;-179,3;-87,66
76,035;-177,5;-88,43
76,355;-174,6;-91,17
76,676;-174,0;-95,39
76,997;-174,3;-97,41
77,318;-170,2;-92,22
77,639;-170,8;-90,07
77,960;-171,0;-85,23
78,280;-169,9;-87,31
78,601;-168,8;-87,91
78,922;-168,5;-87,07
79,243;-171,7;-86,85
79,564;-167,1;-89,96
79,885;-168,1;-87,93
80,205;-167,4;-86,79
80,526;-167,4;-85,17
80,847;-162,9;-82,52
81,168;-165,0;-79,80
81,489;-170,2;-81,62
81,809;-164,8;-81,91
82,130;-164,7;-80,09
82,451;-164,8;-81,90
82,772;-166,6;-79,57
83,093;-167,1;-79,27
83,414;-171,6;-81,34
83,734;-171,6;-81,74
84,055;-171,7;-86,15
84,376;-171,5;-82,36
84,697;-172,1;-81,48
85,018;-170,9;-80,73
85,338;-168,3;-80,89
85,659;-168,3;-79,93
85,980;-166,0;-74,82
86,301;-162,3;-77,43
86,622;-157,3;-77,62
86,943;-158,0;-82,56
87,263;-157,9;-83,17
87,584;-157,4;-80,49
87,905;-158,7;-79,23
88,226;-157,7;-80,84
88,547;-158,3;-80,76
88,868;-162,5;-79,49
89,188;-160,4;-81,70
89,509;-156,4;-80,68
89,830;-152,5;-81,81
90,151;-157,1;-81,80
90,472;-156,8;-77,73
90,792;-155,9;-78,81
91,113;-158,4;-76,99
91,434;-159,5;-74,35
91,755;-163,1;-73,74
92,076;-159,6;-75,42
92,397;-156,1;-80,58
92,717;-157,7;-83,21
93,038;-159,3;-80,51
93,359;-157,7;-83,74
93,680;-157,8;-85,24
94,001;-157,8;-83,92
94,321;-158,9;-88,48
94,642;-158,6;-86,17
94,963;-160,7;-89,29
95,284;-163,4;-86,40
95,605;-168,9;-83,64
95,926;-170,9;-81,45
96,246;-170,7;-82,80
96,567;-172,7;-86,51
96,888;-176,4;-82,93
97,209;-175,6;-83,01
97,530;-175,5;-84,05
97,850;-175,6;-83,43
98,171;-175,5;-84,91
98,492;-176,2;-82,17
98,813;-175,7;-81,05
99,134;-168,8;-85,51
99,455;-169,0;-86,67
99,775;-168,6;-84,96
100,096;-166,0;-85,64
100,417;-164,5;-82,08
100,738;-162,1;-80,57
101,059;-161,9;-81,73
101,380;-160,6;-81,03
101,700;-159,5;-82,45
102,021;-161,7;-82,61
102,342;-158,7;-82,50
102,663;-159,7;-79,43
102,984;-161,7;-80,12
103,304;-161,0;-78,52
103,625;-158,1;-75,98
103,946;-155,9;-78,02
104,267;-155,9;-79,21
104,588;-158,3;-77,95
104,909;-157,8;-76,55
105,229;-156,6;-81,66
105,550;-160,2;-78,43
105,871;-160,3;-76,64
106,192;-167,6;-76,11
106,513;-166,0;-78,54
106,833;-166,5;-78,35
107,154;-169,8;-78,60
107,475;-170,3;-78,27
107,796;-172,7;-78,81
108,117;-173,0;-80,57
108,438;-175,2;-78,00
108,758;-180,8;-74,88
109,079;-186,6;-70,38
109,400;-191,7;-69,91
109,721;-193,0;-70,85
110,042;-191,3;-71,99
110,363;-189,4;-73,66
110,683;-186,7;-73,61
111,004;-191,8;-71,49
111,325;-191,9;-75,94
111,646;-188,9;-79,65
111,967;-182,6;-78,74
112,287;-182,8;-77,75
112,608;-185,3;-78,59
112,929;-183,6;-80,07
113,250;-185,1;-82,62
113,571;-183,2;-88,84
113,892;-186,6;-89,89
114,212;-189,7;-90,56
114,533;-189,0;-94,69
114,854;-190,7;-95,31
115,175;-189,0;-91,17
115,496;-183,9;-91,13
115,816;-184,6;-92,20
116,137;-183,1;-90,56
116,458;-182,2;-94,56
116,779;-182,9;-92,96
117,100;-188,5;-96,48
117,421;-189,2;-98,73
117,741;-191,2;-97,42
118,062;-191,6;-93,45
118,383;-195,9;-89,11
118,704;-198,8;-90,96
119,025;-198,2;-91,17
119,346;-198,5;-91,95
119,666;-195,7;-92,82
119,987;-193,5;-88,95
120,308;-197,1;-90,93
120,629;-193,6;-90,71
120,950;-195,2;-91,91
121,270;-193,1;-89,69
121,591;-193,9;-90,68
121,912;-195,2;-91,56
122,233;-190,2;-92,16
122,554;-190,2;-91,00
122,875;-190,5;-86,44
123,195;-190,1;-89,25
123,516;-189,6;-89,29
123,837;-189,6;-86,87
124,158;-193,1;-94,35
124,479;-195,1;-95,16
124,799;-192,9;-96,81
125,120;-192,4;-98,84
125,441;-193,3;-98,91
125,762;-190,8;-98,07
126,083;-190,8;-101,0
126,404;-188,5;-103,1
126,724;-185,0;-105,2
127,045;-182,1;-104,9
127,366;-185,0;-107,0
127,687;-186,2;-104,7
128,008;-187,1;-102,2
128,329;-187,3;-104,0
128,649;-190,5;-106,1
128,970;-189,7;-104,9
129,291;-194,3;-105,9
129,612;-198,4;-107,2
129,933;-200,3;-110,2
130,253;-198,9;-112,2
130,574;-196,9;-111,8
130,895;-196,6;-107,9
131,216;-197,1;-107,2
131,537;-200,6;-108,9
131,858;-198,1;-105,8
132,178;-196,2;-104,8
132,499;-201,4;-106,8
132,820;-201,2;-104,9
133,141;-202,9;-107,8
133,462;-199,7;-104,1
133,782;-197,1;-101,7
134,103;-194,5;-100,2
134,424;-193,7;-96,29
134,745;-197,4;-97,27
135,066;-197,0;-94,47
135,387;-195,3;-96,80
135,707;-192,5;-94,61
136,028;-193,6;-92,55
136,349;-193,8;-92,36
136,670;-193,9;-89,45
136,991;-193,7;-88,12
137,312;-192,6;-89,58
137,632;-194,0;-89,19
137,953;-195,7;-88,46
138,274;-192,1;-89,07
138,595;-189,0;-92,04
138,916;-190,5;-90,98
139,236;-188,4;-90,69
139,557;-190,8;-94,20
139,878;-187,2;-94,39
140,199;-185,2;-91,56
140,520;-183,7;-91,81
140,841;-185,1;-91,55
141,161;-183,8;-91,49
141,482;-185,4;-96,30
141,803;-187,1;-97,32
142,124;-188,1;-95,11
142,445;-190,1;-94,81
142,765;-195,5;-100,2
143,086;-198,9;-100,9
143,407;-200,1;-99,50
143,728;-199,0;-101,1
144,049;-200,9;-106,6
144,370;-199,4;-110,4
144,690;-197,8;-109,9
145,011;-199,7;-108,5
145,332;-199,4;-105,3
145,653;-203,5;-107,2
145,974;-206,2;-108,9
146,295;-205,5;-111,9
146,615;-205,1;-113,4
146,936;-206,0;-109,3
147,257;-207,0;-108,6
147,578;-208,8;-110,4
147,899;-206,4;-106,2
148,219;-207,3;-104,7
148,540;-206,1;-108,1
148,861;-204,2;-110,2
149,182;-206,4;-106,7
149,503;-207,5;-109,6
149,824;-208,3;-110,5
150,144;-209,4;-113,5
150,465;-210,9;-110,2
150,786;-208,8;-108,5
151,107;-203,9;-110,6
151,428;-204,5;-110,1
151,748;-204,1;-110,5
152,069;-205,9;-111,1
152,390;-206,2;-109,3
152,711;-207,6;-107,7
153,032;-205,9;-110,0
153,353;-201,3;-108,3
153,673;-199,9;-104,0
153,994;-199,0;-96,76
154,315;-200,3;-96,18
154,636;-201,8;-95,18
154,957;-198,8;-92,03
155,278;-200,1;-96,96
155,598;-204,8;-101,8
155,919;-206,9;-99,81
156,240;-211,2;-96,63
156,561;-212,0;-99,55
156,882;-211,7;-99,12
157,202;-209,9;-97,28
157,523;-207,5;-97,99
157,844;-208,6;-95,84
158,165;-209,8;-96,23
158,486;-212,1;-97,20
158,807;-213,2;-96,39
159,127;-217,3;-95,61
159,448;-214,6;-96,96
159,769;-218,7;-96,86
160,090;-219,9;-99,08
160,411;-215,6;-96,48
160,731;-217,5;-96,06
161,052;-220,2;-99,08
161,373;-219,9;-98,49
161,694;-217,5;-101,7
162,015;-219,9;-101,0
162,336;-223,6;-101,8
162,656;-223,4;-104,2
162,977;-224,6;-104,9
163,298;-224,1;-103,4
163,619;-226,1;-106,0
163,940;-226,7;-106,3
164,261;-225,3;-108,7
164,581;-225,0;-110,6
164,902;-222,6;-110,8
165,223;-223,9;-110,0
165,544;-222,5;-114,2
165,865;-221,3;-115,7
166,185;-223,7;-112,5
166,506;-222,5;-108,7
166,827;-220,7;-110,0
167,148;-219,7;-112,9
167,469;-223,8;-115,1
167,790;-223,1;-114,9
168,110;-226,3;-111,5
168,431;-230,6;-111,1
168,752;-231,2;-108,8
169,073;-229,7;-111,2
169,394;-230,5;-114,7
169,714;-231,6;-112,7
170,035;-230,5;-114,0
170,356;-229,4;-115,1
170,677;-228,2;-113,7
170,998;-226,1;-111,0
171,319;-223,2;-112,5
171,639;-224,6;-110,5
171,960;-224,8;-105,7
172,281;-227,5;-106,1
172,602;-227,3;-104,0
172,923;-225,1;-102,9
173,244;-225,8;-104,5
173,564;-225,9;-102,8
173,885;-229,2;-105,1
174,206;-227,4;-105,5
174,527;-228,3;-107,8
174,848;-226,1;-111,3
175,168;-225,3;-110,7
175,489;-225,4;-112,4
175,810;-223,4;-107,7
176,131;-222,4;-109,6
176,452;-221,3;-107,5
176,773;-222,9;-112,8
177,093;-219,2;-111,6
177,414;-219,1;-110,6
177,735;-221,2;-111,2
178,056;-220,0;-112,1
178,377;-219,1;-116,6
178,697;-214,1;-119,8
179,018;-212,2;-116,4
179,339;-211,6;-119,8
179,660;-213,2;-119,6
179,981;-213,3;-120,0
180,302;-213,7;-122,3
180,622;-217,9;-116,3
180,943;-219,5;-118,3
181,264;-219,5;-118,1
181,585;-222,0;-116,2
181,906;-219,1;-113,8
182,226;-225,3;-107,6
182,547;-227,5;-107,4
182,868;-229,1;-105,7
183,189;-228,7;-104,1
183,510;-226,5;-105,1
183,831;-231,2;-110,2
184,151;-231,9;-108,9
184,472;-228,6;-112,2
184,793;-226,0;-114,1
185,114;-231,8;-108,9
185,435;-233,9;-108,9
185,756;-230,1;-107,5
186,076;-226,7;-103,4
186,397;-224,7;-102,7
186,718;-228,6;-101,3
187,039;-227,8;-97,52
187,360;-225,8;-93,95
187,680;-225,1;-92,84
188,001;-224,1;-91,38
188,322;-224,3;-88,67
188,643;-220,9;-84,50
188,964;-221,2;-82,86
189,285;-221,5;-85,12
189,605;-222,5;-87,31
189,926;-223,1;-84,74
190,247;-226,3;-88,48
190,568;-226,9;-89,09
190,889;-224,9;-87,98
191,209;-232,7;-90,15
191,530;-233,2;-88,32
191,851;-236,6;-88,53
192,172;-235,4;-86,48
192,493;-232,1;-85,15
192,814;-232,4;-85,06
