;mass A;;
t;x;y;
0,000;-71,00;-287,0
0,321;-72,79;-289,8
0,642;-72,90;-285,3
0,962;-70,28;-287,8
1,283;-67,35;-285,0
1,604;-69,19;-283,1
1,925;-70,53;-285,0
2,246;-73,76;-289,0
2,567;-76,04;-292,6
2,887;-78,81;-292,6
3,208;-83,44;-293,7
3,529;-79,13;-296,6
3,850;-80,32;-297,5
4,171;-74,60;-297,1
4,491;-73,12;-289,8
4,812;-74,78;-287,6
5,133;-72,62;-287,0
5,454;-71,71;-286,3
5,775;-72,47;-286,5
6,096;-67,97;-288,0
6,416;-63,17;-291,7
6,737;-65,30;-291,9
7,058;-67,20;-292,9
7,379;-64,17;-294,6
7,700;-61,44;-294,2
8,021;-61,65;-294,0
8,341;-59,08;-294,2
8,662;-57,79;-295,0
8,983;-60,04;-296,2
9,304;-61,60;-294,3
9,625;-59,72;-292,8
9,945;-59,00;-290,2
10,266;-55,88;-288,6
10,587;-55,98;-285,3
10,908;-55,99;-282,3
11,229;-58,94;-287,2
11,550;-60,70;-292,6
11,870;-60,12;-293,2
12,191;-64,20;-292,9
12,512;-65,03;-292,5
12,833;-64,51;-293,0
13,154;-65,07;-295,2
13,474;-65,71;-296,7
13,795;-62,06;-294,7
14,116;-62,64;-294,9
14,437;-65,14;-290,0
14,758;-64,21;-284,6
15,079;-64,44;-280,2
15,399;-62,35;-278,0
15,720;-60,44;-278,9
16,041;-56,94;-280,5
16,362;-56,43;-278,2
16,683;-57,41;-275,7
17,004;-57,84;-273,9
17,324;-60,64;-274,8
17,645;-61,81;-274,1
17,966;-62,06;-275,7
18,287;-68,45;-277,9
18,608;-65,74;-273,9
18,928;-66,81;-275,3
19,249;-66,76;-271,5
19,570;-65,86;-275,5
19,891;-63,09;-277,4
20,212;-64,85;-276,3
20,533;-66,73;-275,5
20,853;-66,72;-282,1
21,174;-69,48;-278,4
21,495;-71,37;-282,2
21,816;-72,72;-286,9
22,137;-71,09;-285,5
22,457;-72,58;-287,9
22,778;-71,24;-289,6
23,099;-67,75;-290,6
23,420;-67,07;-295,4
23,741;-65,89;-293,4
24,062;-68,17;-293,8
24,382;-68,37;-295,7
24,703;-66,74;-296,6
25,024;-67,39;-298,6
25,345;-63,71;-296,9
25,666;-64,69;-295,5
25,987;-61,08;-295,1
26,307;-55,42;-293,9
26,628;-53,15;-295,1
26,949;-55,29;-295,0
27,270;-62,40;-297,3
27,591;-55,62;-296,5
27,911;-59,10;-299,5
28,232;-56,34;-300,1
28,553;-55,35;-302,0
28,874;-55,04;-301,4
29,195;-49,50;-307,4
29,516;-48,58;-311,0
29,836;-51,04;-312,2
30,157;-47,19;-315,5
30,478;-46,11;-314,7
30,799;-45,96;-314,1
31,120;-47,10;-315,1
31,440;-48,79;-316,3
31,761;-50,61;-316,4
32,082;-54,90;-316,7
32,403;-57,78;-316,3
32,724;-57,16;-318,0
33,045;-60,26;-320,7
33,365;-64,98;-320,0
33,686;-65,09;-320,0
34,007;-66,74;-322,1
34,328;-69,11;-317,8
34,649;-67,01;-316,0
34,970;-65,81;-319,2
35,290;-63,51;-320,4
35,611;-66,99;-320,6
35,932;-66,94;-320,8
36,253;-67,92;-320,3
36,574;-67,63;-321,0
36,894;-66,48;-317,1
37,215;-65,38;-319,9
37,536;-62,20;-318,5
37,857;-61,80;-319,5
38,178;-62,22;-324,9
38,499;-65,38;-324,4
38,819;-66,84;-322,6
39,140;-68,52;-318,7
39,461;-69,87;-319,0
39,782;-67,79;-315,1
40,103;-67,26;-314,2
40,423;-66,09;-316,2
40,744;-64,01;-313,9
41,065;-65,80;-315,4
41,386;-65,05;-316,2
41,707;-63,23;-316,0
42,028;-62,46;-312,5
42,348;-64,34;-309,7
42,669;-66,40;-313,3
42,990;-67,98;-311,3
43,311;-67,23;-309,4
43,632;-66,99;-309,3
43,953;-66,06;-307,0
44,273;-69,18;-305,5
44,594;-69,91;-310,8
44,915;-67,76;-312,4
45,236;-73,66;-310,8
45,557;-76,16;-310,5
45,877;-77,02;-310,7
46,198;-77,32;-312,6
46,519;-77,93;-312,4
46,840;-75,93;-313,1
47,161;-76,18;-314,1
47,482;-72,04;-313,8
47,802;-71,87;-311,0
48,123;-72,64;-311,2
48,444;-69,62;-303,2
48,765;-69,28;-303,4
49,086;-70,64;-305,7
49,406;-66,63;-303,5
49,727;-61,97;-301,8
50,048;-58,69;-303,7
50,369;-56,87;-300,5
50,690;-56,76;-300,2
51,011;-57,38;-300,1
51,331;-59,13;-305,8
51,652;-58,50;-311,7
51,973;-56,52;-311,7
52,294;-55,20;-309,5
52,615;-58,74;-311,9
52,936;-49,64;-311,2
53,256;-50,65;-312,2
53,577;-49,53;-310,0
53,898;-52,21;-305,5
54,219;-51,68;-308,6
54,540;-53,85;-304,7
54,860;-55,16;-302,6
55,181;-53,96;-302,4
55,502;-53,57;-300,6
55,823;-51,89;-294,8
56,144;-56,73;-292,4
56,465;-52,86;-289,4
56,785;-55,11;-289,0
57,106;-57,38;-288,8
57,427;-53,24;-286,7
57,748;-56,92;-286,8
58,069;-55,76;-281,4
58,389;-57,75;-277,6
58,710;-59,51;-276,5
59,031;-63,21;-277,2
59,352;-59,78;-277,2
59,673;-57,28;-277,5
59,994;-59,38;-277,3
60,314;-60,87;-273,7
60,635;-62,98;-272,0
60,956;-59,31;-270,0
61,277;-55,83;-270,4
61,598;-55,41;-266,0
61,919;-58,74;-264,2
62,239;-58,45;-265,5
62,560;-55,98;-266,3
62,881;-53,00;-262,2
63,202;-51,04;-261,6
63,523;-51,55;-263,6
63,843;-55,82;-266,4
64,164;-53,61;-274,2
64,485;-49,78;-276,6
64,806;-49,77;-278,6
65,127;-51,04;-277,6
65,448;-54,45;-274,9
65,768;-50,98;-271,6
66,089;-54,03;-275,5
66,410;-57,13;-273,5
66,731;-55,16;-272,4
67,052;-56,77;-269,9
67,372;-57,38;-271,2
67,693;-58,35;-270,5
68,014;-58,49;-270,7
68,335;-61,08;-268,4
68,656;-62,52;-269,0
68,977;-60,11;-270,3
69,297;-59,64;-272,1
69,618;-63,80;-272,1
69,939;-63,14;-273,3
70,260;-61,90;-270,2
70,581;-63,88;-267,4
70,902;-61,80;-267,7
71,222;-60,28;-266,8
71,543;-57,45;-265,7
71,864;-59,19;-265,8
72,185;-56,88;-268,3
72,506;-59,06;-267,5
72,826;-58,25;-266,9
73,147;-57,08;-267,0
73,468;-56,90;-264,2
73,789;-57,02;-267,0
74,110;-54,37;-275,4
74,431;-56,01;-277,4
74,751;-57,98;-278,5
75,072;-60,86;-278,9
75,393;-63,64;-279,4
75,714;-65,49;-280,9
76,035;-67,72;-282,0
76,355;-67,42;-281,4
76,676;-64,85;-283,3
76,997;-66,48;-289,6
77,318;-67,11;-294,2
77,639;-69,89;-295,2
77,960;-68,55;-293,0
78,280;-66,59;-293,3
78,601;-62,32;-296,5
78,922;-62,91;-293,1
79,243;-60,10;-293,4
79,564;-60,52;-291,1
79,885;-56,60;-291,8
80,205;-60,07;-295,0
80,526;-62,55;-298,3
80,847;-64,49;-295,0
81,168;-65,22;-297,4
81,489;-67,23;-294,5
81,809;-63,19;-295,1
82,130;-60,40;-296,5
82,451;-60,91;-298,7
82,772;-60,08;-302,8
83,093;-62,70;-310,8
83,414;-63,16;-314,2
83,734;-64,07;-314,8
84,055;-63,84;-316,0
84,376;-66,68;-320,0
84,697;-69,91;-318,0
85,018;-71,64;-320,5
85,338;-71,53;-321,6
85,659;-70,08;-318,8
85,980;-67,50;-323,0
86,301;-67,06;-326,2
86,622;-69,39;-327,8
86,943;-68,44;-328,6
87,263;-67,60;-331,2
87,584;-70,70;-335,7
87,905;-74,85;-333,3
88,226;-76,63;-336,0
88,547;-75,20;-334,3
88,868;-75,64;-336,4
89,188;-73,57;-337,5
89,509;-71,14;-336,3
89,830;-67,95;-337,7
90,151;-65,56;-341,9
90,472;-65,23;-345,9
90,792;-66,72;-347,7
91,113;-66,59;-349,1
91,434;-70,51;-347,5
91,755;-68,59;-346,7
92,076;-68,73;-342,9
92,397;-64,90;-345,7
92,717;-65,25;-345,4
93,038;-64,75;-347,1
93,359;-67,25;-348,3
93,680;-68,59;-347,3
94,001;-68,51;-348,5
94,321;-68,90;-343,3
94,642;-68,55;-338,6
94,963;-71,48;-346,6
95,284;-71,31;-346,0
95,605;-72,03;-347,1
95,926;-75,77;-348,6
96,246;-72,69;-348,9
96,567;-72,98;-349,0
96,888;-70,89;-347,4
97,209;-71,50;-344,8
97,530;-72,43;-342,5
97,850;-69,58;-344,6
98,171;-69,82;-342,5
98,492;-72,98;-340,8
98,813;-72,85;-337,8
99,134;-74,23;-337,4
99,455;-68,50;-337,0
99,775;-69,22;-335,7
100,096;-71,17;-337,2
100,417;-68,06;-340,1
100,738;-71,83;-341,0
101,059;-71,98;-341,2
101,380;-68,79;-341,7
101,700;-65,04;-340,5
102,021;-60,37;-339,6
102,342;-56,47;-341,0
102,663;-55,44;-341,5
102,984;-54,63;-346,2
103,304;-55,13;-345,8
103,625;-55,94;-343,4
103,946;-54,78;-341,7
104,267;-56,70;-342,0
104,588;-59,62;-346,2
104,909;-62,92;-347,6
105,229;-62,71;-348,6
105,550;-60,31;-343,4
105,871;-65,09;-343,1
106,192;-64,17;-346,6
106,513;-66,20;-349,5
106,833;-65,11;-347,7
107,154;-66,28;-352,5
107,475;-68,24;-353,7
107,796;-73,48;-349,8
108,117;-71,78;-346,0
108,438;-71,81;-344,3
108,758;-73,83;-341,2
109,079;-74,83;-344,3
109,400;-79,40;-341,5
109,721;-76,43;-345,6
110,042;-77,57;-345,6
110,363;-76,77;-348,0
110,683;-72,12;-346,1
111,004;-70,44;-346,8
111,325;-71,88;-344,8
111,646;-69,23;-342,5
111,967;-69,18;-340,5
112,287;-67,23;-342,2
112,608;-64,62;-346,1
112,929;-66,76;-345,8
113,250;-64,76;-347,4
113,571;-59,63;-349,0
113,892;-55,38;-345,6
114,212;-53,65;-345,8
114,533;-52,59;-345,4
114,854;-50,26;-344,2
115,175;-50,71;-343,2
115,496;-47,39;-344,3
115,816;-48,72;-347,9
116,137;-50,30;-339,8
116,458;-47,39;-338,7
116,779;-47,99;-335,5
117,100;-53,06;-337,8
117,421;-52,27;-342,2
117,741;-47,82;-345,2
118,062;-48,16;-346,4
118,383;-52,80;-347,8
118,704;-51,23;-345,7
119,025;-52,57;-346,3
119,346;-50,66;-345,3
119,666;-50,00;-347,7
119,987;-50,86;-350,8
120,308;-50,31;-348,4
120,629;-48,39;-348,4
120,950;-41,73;-347,0
121,270;-41,35;-345,4
121,591;-40,96;-344,9
121,912;-40,05;-346,1
122,233;-43,28;-345,6
122,554;-42,77;-345,4
122,875;-41,53;-345,8
123,195;-37,44;-347,1
123,516;-36,09;-349,7
123,837;-32,87;-355,3
124,158;-31,12;-356,9
124,479;-32,73;-359,6
124,799;-38,45;-364,6
125,120;-36,11;-365,4
125,441;-36,70;-366,9
125,762;-35,97;-364,2
126,083;-33,81;-364,3
126,404;-34,23;-362,7
126,724;-36,88;-359,8
127,045;-38,36;-352,7
127,366;-35,64;-354,0
127,687;-32,11;-352,4
128,008;-32,90;-355,1
128,329;-31,66;-354,7
128,649;-30,39;-357,0
128,970;-27,93;-354,4
129,291;-30,71;-355,4
129,612;-31,96;-355,2
129,933;-32,57;-357,4
130,253;-28,93;-358,6
130,574;-29,88;-357,5
130,895;-26,61;-355,4
131,216;-23,66;-356,9
131,537;-23,28;-358,9
131,858;-24,37;-361,6
132,178;-28,49;-364,3
132,499;-36,36;-367,9
132,820;-39,27;-369,9
133,141;-37,63;-368,2
133,462;-37,70;-368,2
133,782;-35,51;-364,4
134,103;-36,41;-359,6
134,424;-42,00;-358,0
134,745;-44,90;-358,7
135,066;-47,98;-354,5
135,387;-47,37;-354,7
135,707;-53,39;-358,9
136,028;-52,69;-354,6
136,349;-51,15;-355,4
136,670;-51,44;-355,5
136,991;-50,74;-354,2
137,312;-49,40;-351,4
137,632;-48,51;-350,2
137,953;-49,37;-349,7
138,274;-49,23;-346,6
138,595;-49,36;-344,3
138,916;-51,78;-345,2
139,236;-52,15;-345,2
139,557;-52,84;-347,7
139,878;-50,24;-346,1
140,199;-50,59;-345,9
140,520;-55,50;-348,8
140,841;-52,44;-351,6
141,161;-50,95;-350,4
141,482;-51,49;-347,0
141,803;-48,80;-344,9
142,124;-52,84;-348,5
142,445;-54,69;-346,6
142,765;-56,92;-344,2
143,086;-55,40;-342,2
143,407;-58,28;-342,2
143,728;-60,90;-346,2
144,049;-57,69;-343,3
144,370;-56,92;-349,3
144,690;-55,10;-347,6
145,011;-56,69;-346,1
145,332;-55,35;-344,1
145,653;-54,29;-342,7
145,974;-54,57;-346,6
146,295;-52,84;-347,4
146,615;-50,96;-343,5
146,936;-51,98;-343,6
147,257;-49,87;-345,1
147,578;-48,49;-346,2
147,899;-47,50;-349,7
148,219;-47,73;-358,0
148,540;-49,23;-359,5
148,861;-45,22;-357,1
149,182;-42,32;-351,1
149,503;-39,75;-351,0
149,824;-39,57;-344,8
150,144;-40,47;-345,5
150,465;-40,32;-345,1
150,786;-38,16;-347,0
151,107;-41,28;-349,2
151,428;-39,55;-346,7
151,748;-46,10;-348,0
152,069;-46,13;-348,1
152,390;-40,91;-348,9
152,711;-39,55;-347,3
153,032;-35,13;-348,5
153,353;-39,29;-348,8
153,673;-38,74;-349,4
153,994;-35,59;-350,6
154,315;-41,64;-354,0
154,636;-43,27;-356,0
154,957;-40,20;-353,2
155,278;-39,25;-356,8
155,598;-42,55;-359,0
155,919;-47,04;-358,4
156,240;-48,80;-361,0
156,561;-51,84;-355,0
156,882;-47,52;-355,3
157,202;-47,64;-351,8
157,523;-44,09;-352,2
157,844;-42,16;-352,2
158,165;-39,73;-357,7
158,486;-40,15;-358,7
158,807;-41,19;-357,0
159,127;-35,40;-356,5
159,448;-36,40;-357,8
159,769;-37,35;-359,9
160,090;-35,91;-361,7
160,411;-36,89;-361,9
160,731;-39,36;-359,9
161,052;-42,08;-364,2
161,373;-37,83;-366,9
161,694;-34,41;-366,7
162,015;-33,98;-371,5
162,336;-38,39;-374,5
162,656;-36,36;-372,2
162,977;-35,91;-369,6
163,298;-33,53;-373,2
163,619;-30,74;-373,4
163,940;-33,38;-371,9
164,261;-34,11;-373,8
164,581;-33,88;-372,6
164,902;-30,43;-374,8
165,223;-29,95;-377,6
165,544;-30,26;-378,6
165,865;-28,07;-378,2
166,185;-24,50;-378,6
166,506;-25,33;-379,1
166,827;-24,08;-379,3
167,148;-26,66;-382,5
167,469;-24,69;-384,4
167,790;-25,31;-381,1
168,110;-33,03;-380,8
168,431;-30,07;-382,6
168,752;-33,39;-381,9
169,073;-34,61;-383,5
169,394;-35,11;-380,0
169,714;-38,13;-377,8
170,035;-38,08;-376,9
170,356;-38,70;-377,7
170,677;-40,74;-374,9
170,998;-41,60;-382,9
171,319;-39,40;-384,5
171,639;-42,67;-387,4
171,960;-40,97;-388,4
172,281;-38,42;-388,0
172,602;-39,87;-388,0
172,923;-39,86;-384,3
173,244;-37,90;-383,3
173,564;-45,23;-385,1
173,885;-46,56;-386,8
174,206;-46,48;-382,1
174,527;-44,50;-385,9
174,848;-47,11;-385,9
175,168;-46,19;-384,6
175,489;-42,08;-385,7
175,810;-41,72;-386,9
176,131;-40,31;-384,2
176,452;-41,52;-382,4
176,773;-41,95;-381,3
177,093;-42,90;-381,9
177,414;-42,70;-379,7
177,735;-43,96;-377,2
178,056;-47,40;-380,2
178,377;-50,20;-381,7
178,697;-51,91;-384,5
179,018;-51,40;-383,8
179,339;-48,11;-385,1
179,660;-49,62;-386,2
179,981;-46,00;-385,9
180,302;-44,13;-387,7
180,622;-41,26;-386,8
180,943;-44,87;-385,4
181,264;-42,54;-387,0
181,585;-43,46;-385,7
181,906;-43,04;-382,9
182,226;-41,26;-382,3
182,547;-42,44;-379,9
182,868;-42,75;-381,8
183,189;-44,27;-383,4
183,510;-46,44;-384,7
183,831;-46,03;-386,9
184,151;-44,75;-385,3
184,472;-40,46;-389,1
184,793;-37,71;-388,9
185,114;-36,38;-387,7
185,435;-39,77;-390,9
185,756;-40,22;-392,1
186,076;-46,59;-389,1
186,397;-49,31;-388,8
186,718;-48,82;-384,1
187,039;-50,00;-387,1
187,360;-47,48;-390,6
187,680;-43,50;-390,9
188,001;-40,41;-389,3
188,322;-40,61;-391,0
188,643;-40,01;-391,8
188,964;-40,25;-396,5
189,285;-42,92;-401,4
189,605;-41,68;-403,9
189,926;-41,49;-406,3
190,247;-41,47;-410,3
190,568;-40,43;-413,9
190,889;-40,66;-413,9
191,209;-38,01;-412,5
191,530;-39,23;-415,5
191,851;-35,01;-413,0
192,172;-36,72;-412,9
192,493;-37,33;-416,6
192,814;-37,78;-417,0
