;mass C;;
t;x;y;
0,000;-278,0;173,0
0,321;-279,4;174,4
0,642;-278,6;173,3
0,962;-282,2;176,0
1,283;-287,6;175,2
1,604;-287,9;175,9
1,925;-288,0;181,2
2,246;-288,4;185,9
2,567;-285,3;189,7
2,887;-284,3;190,7
3,208;-281,8;196,7
3,529;-289,5;198,2
3,850;-292,5;201,2
4,171;-290,9;201,0
4,491;-291,4;203,6
4,812;-289,6;203,6
5,133;-295,7;206,8
5,454;-298,0;211,2
5,775;-295,5;214,8
6,096;-294,0;215,5
6,416;-294,6;219,5
6,737;-290,2;219,0
7,058;-290,4;219,3
7,379;-292,9;219,7
7,700;-293,4;219,7
8,021;-296,6;213,8
8,341;-293,4;211,7
8,662;-294,2;210,7
8,983;-297,3;211,2
9,304;-294,1;211,1
9,625;-293,5;214,3
9,945;-292,0;213,5
10,266;-292,0;212,1
10,587;-295,0;209,8
10,908;-292,3;212,5
11,229;-291,9;212,3
11,550;-294,5;212,3
11,870;-294,4;210,4
12,191;-291,5;212,5
12,512;-291,4;212,1
12,833;-294,5;214,6
13,154;-292,6;215,5
13,474;-292,0;215,0
13,795;-289,3;216,6
14,116;-289,1;219,9
14,437;-287,2;220,0
14,758;-288,6;220,8
15,079;-290,1;216,9
15,399;-290,3;217,2
15,720;-292,2;219,7
16,041;-289,3;220,4
16,362;-289,6;220,3
16,683;-290,4;219,9
17,004;-289,2;218,1
17,324;-286,9;214,5
17,645;-287,4;214,3
17,966;-284,7;213,0
18,287;-285,1;208,7
18,608;-283,2;213,5
18,928;-286,6;213,4
19,249;-288,0;213,8
19,570;-288,6;214,3
19,891;-294,1;213,2
20,212;-296,3;210,7
20,533;-299,8;213,0
20,853;-296,6;213,0
21,174;-297,4;212,8
21,495;-292,5;212,6
21,816;-291,2;211,8
22,137;-287,3;212,3
22,457;-286,5;209,5
22,778;-288,7;205,9
23,099;-284,8;205,2
23,420;-287,2;201,2
23,741;-289,1;200,6
24,062;-292,8;198,8
24,382;-292,5;199,5
24,703;-291,1;200,1
25,024;-290,9;199,2
25,345;-289,7;199,1
25,666;-285,8;199,7
25,987;-284,2;202,6
26,307;-288,7;204,9
26,628;-292,3;207,7
26,949;-289,0;205,4
27,270;-285,7;204,3
27,591;-286,1;207,2
27,911;-286,6;208,4
28,232;-284,8;206,9
28,553;-281,3;208,9
28,874;-280,6;211,9
29,195;-280,0;211,2
29,516;-283,8;205,9
29,836;-285,7;208,6
30,157;-289,8;207,1
30,478;-292,0;207,7
30,799;-294,0;209,0
31,120;-295,4;209,3
31,440;-297,4;201,3
31,761;-298,1;198,2
32,082;-295,9;198,3
32,403;-293,2;203,2
32,724;-296,9;202,0
33,045;-299,9;205,1
33,365;-298,0;206,7
33,686;-294,9;202,4
34,007;-291,0;200,8
34,328;-286,3;197,4
34,649;-285,0;200,5
34,970;-281,2;199,4
35,290;-276,4;199,1
35,611;-279,2;199,2
35,932;-277,4;198,2
36,253;-283,2;199,0
36,574;-279,6;201,8
36,894;-280,5;205,9
37,215;-279,6;203,8
37,536;-276,0;208,1
37,857;-275,5;212,1
38,178;-272,0;218,8
38,499;-274,7;216,0
38,819;-279,7;212,6
39,140;-282,0;208,4
39,461;-284,2;209,7
39,782;-284,1;209,0
40,103;-281,6;208,8
40,423;-278,3;208,4
40,744;-277,3;210,3
41,065;-274,2;209,9
41,386;-276,8;210,9
41,707;-276,7;210,4
42,028;-282,4;210,6
42,348;-280,3;210,9
42,669;-277,4;209,3
42,990;-273,5;210,4
43,311;-274,5;210,8
43,632;-274,0;211,2
43,953;-275,7;212,7
44,273;-271,4;213,8
44,594;-271,0;215,3
44,915;-271,3;214,3
45,236;-270,7;210,6
45,557;-264,8;214,7
45,877;-259,1;219,8
46,198;-256,3;224,3
46,519;-252,0;223,1
46,840;-249,6;219,1
47,161;-248,2;218,8
47,482;-248,1;218,7
47,802;-245,6;224,6
48,123;-247,7;226,5
48,444;-250,3;225,4
48,765;-247,5;226,9
49,086;-248,0;227,0
49,406;-247,0;225,1
49,727;-246,1;224,5
50,048;-244,2;224,7
50,369;-242,3;226,0
50,690;-241,8;231,0
51,011;-241,7;234,0
51,331;-238,4;228,4
51,652;-234,4;231,6
51,973;-231,7;229,0
52,294;-226,5;227,3
52,615;-221,9;227,3
52,936;-220,1;229,5
53,256;-219,7;227,2
53,577;-221,2;232,7
53,898;-222,2;234,5
54,219;-222,5;242,2
54,540;-226,1;242,6
54,860;-225,6;245,6
55,181;-223,5;248,1
55,502;-222,4;249,5
55,823;-220,1;253,6
56,144;-217,9;251,1
56,465;-216,2;246,6
56,785;-212,6;247,3
57,106;-206,6;246,4
57,427;-210,5;245,0
57,748;-210,1;243,3
58,069;-211,3;239,8
58,389;-211,6;246,9
58,710;-208,7;253,0
59,031;-213,0;251,4
59,352;-212,4;249,7
59,673;-212,9;248,3
59,994;-210,6;246,3
60,314;-209,9;248,7
60,635;-208,7;249,2
60,956;-211,6;251,9
61,277;-206,2;250,4
61,598;-205,8;254,0
61,919;-212,6;256,2
62,239;-213,8;254,4
62,560;-218,0;258,6
62,881;-219,3;258,9
63,202;-219,3;260,5
63,523;-223,2;263,1
63,843;-224,6;261,5
64,164;-224,1;263,3
64,485;-225,1;262,6
64,806;-220,9;260,8
65,127;-221,2;259,3
65,448;-220,8;254,9
65,768;-220,8;258,9
66,089;-222,4;257,6
66,410;-223,4;259,3
66,731;-224,6;263,1
67,052;-227,3;258,8
67,372;-227,4;260,1
67,693;-223,9;259,1
68,014;-220,4;256,9
68,335;-218,7;259,2
68,656;-217,1;260,2
68,977;-213,2;260,2
69,297;-213,3;259,9
69,618;-213,5;262,9
69,939;-213,2;260,2
70,260;-215,6;253,8
70,581;-216,3;258,0
70,902;-216,1;258,5
71,222;-218,4;254,8
71,543;-214,8;253,6
71,864;-216,5;253,4
72,185;-216,9;251,2
72,506;-217,5;247,4
72,826;-215,8;248,9
73,147;-215,6;246,5
73,468;-216,4;246,3
73,789;-212,6;251,2
74,110;-213,6;250,9
74,431;-210,4;251,1
74,751;-212,4;253,3
75,072;-214,7;250,7
75,393;-216,6;254,1
75,714;-214,9;254,9
76,035;-212,7;254,1
76,355;-208,5;254,9
76,676;-210,2;255,2
76,997;-207,3;255,3
77,318;-207,0;256,7
77,639;-210,4;258,7
77,960;-210,8;258,9
78,280;-208,8;255,9
78,601;-207,0;253,1
78,922;-205,6;253,2
79,243;-202,6;252,6
79,564;-199,9;249,4
79,885;-200,3;248,9
80,205;-198,7;255,2
80,526;-202,9;256,7
80,847;-202,0;255,9
81,168;-200,9;256,2
81,489;-203,0;253,5
81,809;-203,8;254,3
82,130;-202,9;250,4
82,451;-204,3;249,4
82,772;-205,5;250,1
83,093;-205,0;251,1
83,414;-206,8;251,7
83,734;-204,5;249,5
84,055;-203,5;247,8
84,376;-204,7;245,7
84,697;-202,0;250,2
85,018;-200,3;254,3
85,338;-196,7;255,6
85,659;-195,4;255,3
85,980;-190,6;254,0
86,301;-192,5;251,4
86,622;-193,2;250,3
86,943;-196,0;245,5
87,263;-198,1;246,4
87,584;-196,0;241,8
87,905;-193,9;244,6
88,226;-192,5;240,6
88,547;-192,1;236,8
88,868;-192,2;236,8
89,188;-185,9;236,8
89,509;-188,7;235,9
89,830;-191,0;236,0
90,151;-188,3;234,9
90,472;-190,4;232,2
90,792;-193,1;236,5
91,113;-194,9;231,7
91,434;-190,9;230,3
91,755;-185,9;233,7
92,076;-185,2;231,2
92,397;-185,6;233,0
92,717;-186,6;232,5
93,038;-187,0;234,7
93,359;-185,6;234,0
93,680;-179,1;233,6
94,001;-184,9;235,5
94,321;-187,3;236,5
94,642;-186,4;235,0
94,963;-181,5;237,7
95,284;-179,1;237,5
95,605;-174,9;238,2
95,926;-178,9;238,4
96,246;-176,0;236,3
96,567;-172,9;235,8
96,888;-169,7;237,3
97,209;-164,8;233,2
97,530;-161,7;238,2
97,850;-166,4;236,4
98,171;-164,9;232,6
98,492;-166,2;231,8
98,813;-166,9;233,9
99,134;-170,8;234,2
99,455;-173,4;234,7
99,775;-170,9;231,2
100,096;-172,8;228,5
100,417;-174,1;228,7
100,738;-176,3;225,2
101,059;-176,8;224,7
101,380;-179,0;224,8
101,700;-178,7;226,4
102,021;-179,7;229,8
102,342;-180,1;226,7
102,663;-182,0;222,7
102,984;-186,7;223,2
103,304;-185,5;225,4
103,625;-180,4;224,8
103,946;-176,2;222,0
104,267;-177,4;219,0
104,588;-175,9;217,4
104,909;-174,9;217,9
105,229;-173,8;218,9
105,550;-173,9;216,6
105,871;-177,8;217,1
106,192;-180,6;214,0
106,513;-184,7;213,4
106,833;-183,6;207,0
107,154;-182,5;205,8
107,475;-180,4;205,1
107,796;-180,2;208,3
108,117;-177,9;205,4
108,438;-179,5;204,8
108,758;-184,1;211,2
109,079;-189,1;214,6
109,400;-194,1;213,7
109,721;-193,1;217,7
110,042;-189,5;215,7
110,363;-183,9;214,0
110,683;-183,7;214,5
111,004;-185,1;213,3
111,325;-184,6;209,6
111,646;-184,2;210,1
111,967;-186,8;212,7
112,287;-183,9;212,1
112,608;-182,9;208,6
112,929;-180,5;208,5
113,250;-183,4;208,3
113,571;-181,5;209,7
113,892;-182,7;207,5
114,212;-183,5;206,0
114,533;-186,5;205,0
114,854;-186,2;210,6
115,175;-188,0;208,8
115,496;-192,0;208,7
115,816;-193,4;209,9
116,137;-189,8;210,6
116,458;-190,4;213,4
116,779;-188,0;212,9
117,100;-184,7;213,8
117,421;-183,7;213,1
117,741;-182,6;210,8
118,062;-187,4;209,0
118,383;-185,5;206,1
118,704;-185,2;203,7
119,025;-187,7;206,3
119,346;-187,7;204,4
119,666;-184,7;201,4
119,987;-182,6;196,9
120,308;-180,7;201,7
120,629;-184,0;202,2
120,950;-185,2;199,4
121,270;-181,1;200,3
121,591;-181,8;197,1
121,912;-184,7;195,0
122,233;-188,7;193,3
122,554;-185,9;192,3
122,875;-184,4;193,0
123,195;-183,5;194,5
123,516;-187,0;194,8
123,837;-184,4;197,2
124,158;-183,0;195,7
124,479;-179,9;197,9
124,799;-178,3;201,4
125,120;-175,5;197,6
125,441;-178,6;199,0
125,762;-180,2;197,9
126,083;-181,8;195,8
126,404;-181,8;192,0
126,724;-186,4;189,3
127,045;-185,6;186,5
127,366;-185,6;187,8
127,687;-183,6;189,2
128,008;-180,5;190,1
128,329;-179,5;189,4
128,649;-178,0;187,4
128,970;-179,3;187,3
129,291;-180,2;186,6
129,612;-175,8;185,6
129,933;-175,4;185,1
130,253;-176,7;186,2
130,574;-180,1;186,7
130,895;-180,8;186,5
131,216;-185,5;182,2
131,537;-184,3;182,4
131,858;-186,2;182,5
132,178;-187,4;182,8
132,499;-190,5;182,6
132,820;-195,0;182,9
133,141;-193,9;184,7
133,462;-195,8;180,3
133,782;-196,7;176,9
134,103;-193,1;178,8
134,424;-195,0;177,7
134,745;-192,5;182,8
135,066;-190,2;180,5
135,387;-190,4;182,2
135,707;-188,7;181,2
136,028;-191,7;181,5
136,349;-195,6;181,7
136,670;-194,1;188,1
136,991;-192,5;186,8
137,312;-191,5;185,6
137,632;-191,3;188,2
137,953;-193,1;188,8
138,274;-194,1;186,9
138,595;-196,3;188,6
138,916;-195,3;192,6
139,236;-194,0;195,9
139,557;-191,9;194,9
139,878;-187,7;196,8
140,199;-187,6;194,7
140,520;-184,9;199,3
140,841;-188,0;197,4
141,161;-187,9;194,9
141,482;-191,3;189,2
141,803;-190,8;188,7
142,124;-188,1;193,3
142,445;-183,2;192,6
142,765;-182,2;195,4
143,086;-180,1;190,0
143,407;-183,2;187,0
143,728;-181,0;186,8
144,049;-182,7;190,8
144,370;-185,7;188,7
144,690;-188,9;186,9
145,011;-185,1;189,1
145,332;-182,0;190,1
145,653;-176,3;188,6
145,974;-171,8;192,4
146,295;-175,2;193,2
146,615;-178,7;187,4
146,936;-182,0;186,6
147,257;-179,2;187,3
147,578;-175,6;189,9
147,899;-175,5;187,9
148,219;-175,5;188,4
148,540;-173,4;191,2
148,861;-174,2;193,9
149,182;-176,6;195,9
149,503;-176,2;196,5
149,824;-179,9;193,4
150,144;-180,9;189,9
150,465;-177,7;189,9
150,786;-174,5;188,4
151,107;-175,7;188,7
151,428;-171,6;189,8
151,748;-171,8;194,1
152,069;-171,3;194,1
152,390;-173,6;193,3
152,711;-175,9;195,1
153,032;-175,0;199,1
153,353;-174,2;199,4
153,673;-171,9;197,8
153,994;-173,8;199,3
154,315;-172,3;199,6
154,636;-171,3;201,1
154,957;-170,4;201,6
155,278;-172,4;200,7
155,598;-174,4;202,2
155,919;-175,4;198,4
156,240;-174,0;198,0
156,561;-174,4;194,8
156,882;-176,4;194,8
157,202;-177,2;193,9
157,523;-178,2;196,6
157,844;-179,5;195,4
158,165;-177,4;193,4
158,486;-174,5;192,4
158,807;-177,5;191,1
159,127;-176,6;192,4
159,448;-179,2;192,7
159,769;-179,8;191,6
160,090;-181,4;191,7
160,411;-177,8;195,3
160,731;-176,8;197,7
161,052;-181,5;199,7
161,373;-183,8;202,7
161,694;-187,5;206,3
162,015;-185,7;205,9
162,336;-188,4;205,5
162,656;-190,1;203,5
162,977;-192,9;199,9
163,298;-192,7;197,6
163,619;-193,7;199,5
163,940;-195,0;199,1
164,261;-193,1;198,8
164,581;-192,0;196,4
164,902;-189,5;193,8
165,223;-187,7;195,1
165,544;-189,9;199,2
165,865;-186,1;195,1
166,185;-188,2;198,9
166,506;-190,8;199,0
166,827;-188,8;199,0
167,148;-187,9;200,6
167,469;-188,4;201,1
167,790;-185,1;201,1
168,110;-185,7;199,0
168,431;-189,3;198,7
168,752;-190,7;193,4
169,073;-189,7;191,0
169,394;-191,1;191,6
169,714;-186,2;193,5
170,035;-187,5;194,2
170,356;-185,8;194,1
170,677;-184,7;197,2
170,998;-183,8;201,2
171,319;-180,9;201,3
171,639;-179,9;200,3
171,960;-181,1;200,6
172,281;-182,3;198,2
172,602;-184,2;203,1
172,923;-186,5;210,1
173,244;-187,9;209,5
173,564;-189,7;212,8
173,885;-185,5;209,5
174,206;-182,3;206,9
174,527;-183,1;207,3
174,848;-182,9;209,9
175,168;-184,7;209,7
175,489;-178,3;211,7
175,810;-175,5;212,8
176,131;-171,6;211,9
176,452;-171,6;211,8
176,773;-174,6;212,9
177,093;-172,1;210,1
177,414;-170,4;207,8
177,735;-170,3;205,7
178,056;-169,9;206,1
178,377;-175,8;205,0
178,697;-175,6;206,0
179,018;-176,2;205,4
179,339;-179,4;203,7
179,660;-182,0;206,5
179,981;-188,1;204,9
180,302;-187,7;208,1
180,622;-187,2;208,8
180,943;-186,3;206,7
181,264;-188,2;207,8
181,585;-189,1;212,2
181,906;-185,8;215,1
182,226;-184,8;215,8
182,547;-191,3;214,5
182,868;-187,9;210,5
183,189;-184,0;212,3
183,510;-189,2;212,5
183,831;-190,2;208,5
184,151;-188,5;201,6
184,472;-191,1;197,9
184,793;-190,5;195,7
185,114;-190,0;198,3
185,435;-194,0;199,5
185,756;-192,9;198,3
186,076;-194,4;200,5
186,397;-191,4;200,6
186,718;-193,3;198,8
187,039;-195,4;198,3
187,360;-193,1;199,5
187,680;-197,1;201,9
188,001;-199,0;201,6
188,322;-198,9;199,5
188,643;-201,0;195,9
188,964;-201,1;195,5
189,285;-196,5;195,4
189,605;-196,5;190,5
189,926;-197,2;189,4
190,247;-194,3;185,1
190,568;-193,7;188,9
190,889;-191,7;187,8
191,209;-190,2;188,7
191,530;-189,4;190,1
191,851;-186,0;189,5
192,172;-182,3;187,5
192,493;-184,2;186,9
192,814;-182,2;185,3
