;mass D;;
t;x;y;
0,000;78,00;156,0
0,321;73,67;152,3
0,642;71,26;150,1
0,962;71,44;151,7
1,283;69,01;153,1
1,604;73,94;154,7
1,925;76,35;152,3
2,246;75,84;151,6
2,567;75,09;149,9
2,887;76,06;150,5
3,208;71,83;150,9
3,529;68,51;149,6
3,850;70,84;148,6
4,171;70,90;147,0
4,491;71,15;145,3
4,812;71,64;146,1
5,133;74,88;146,7
5,454;77,09;145,1
5,775;79,96;146,3
6,096;81,78;145,6
6,416;84,65;148,1
6,737;85,02;147,0
7,058;79,96;148,4
7,379;81,77;145,4
7,700;82,62;144,5
8,021;80,68;146,2
8,341;80,86;141,3
8,662;78,45;145,3
8,983;79,76;150,6
9,304;78,76;153,3
9,625;76,51;151,3
9,945;77,37;150,9
10,266;77,72;147,3
10,587;77,54;140,5
10,908;76,63;138,3
11,229;77,08;143,0
11,550;78,39;139,9
11,870;82,32;138,6
12,191;82,84;140,3
12,512;85,81;138,1
12,833;81,69;136,4
13,154;81,82;138,0
13,474;73,03;140,6
13,795;72,78;140,4
14,116;74,00;139,3
14,437;72,91;136,8
14,758;72,86;132,4
15,079;73,54;132,9
15,399;72,46;134,1
15,720;71,79;134,6
16,041;70,74;137,7
16,362;69,83;138,7
16,683;69,10;142,5
17,004;67,66;147,4
17,324;70,32;149,0
17,645;69,63;149,3
17,966;73,75;151,0
18,287;73,58;146,8
18,608;74,42;145,9
18,928;73,89;145,6
19,249;74,08;145,2
19,570;73,44;148,5
19,891;71,57;152,3
20,212;69,75;146,1
20,533;68,22;146,0
20,853;69,94;144,7
21,174;70,91;143,8
21,495;71,84;148,3
21,816;72,21;150,3
22,137;72,46;148,0
22,457;73,37;145,3
22,778;72,62;140,1
23,099;72,09;134,3
23,420;71,29;135,5
23,741;66,33;138,6
24,062;67,67;139,8
24,382;69,03;139,2
24,703;67,56;140,1
25,024;67,10;140,1
25,345;66,66;139,5
25,666;64,50;137,5
25,987;64,72;137,7
26,307;63,64;140,2
26,628;65,94;143,1
26,949;67,29;142,5
27,270;66,66;142,5
27,591;66,04;144,4
27,911;67,69;143,7
28,232;67,09;142,2
28,553;67,35;143,7
28,874;64,99;145,2
29,195;62,63;149,4
29,516;61,90;146,1
29,836;58,63;145,6
30,157;59,83;146,7
30,478;59,46;145,6
30,799;56,79;144,2
31,120;57,33;141,2
31,440;57,64;138,2
31,761;57,70;138,9
32,082;60,41;139,9
32,403;60,93;138,6
32,724;56,56;135,1
33,045;58,40;136,1
33,365;57,14;138,6
33,686;56,14;137,8
34,007;57,24;137,3
34,328;61,31;137,3
34,649;63,94;135,6
34,970;64,34;138,3
35,290;63,38;140,0
35,611;66,93;139,7
35,932;65,49;138,8
36,253;67,35;137,5
36,574;69,88;136,5
36,894;71,21;135,3
37,215;69,88;135,7
37,536;69,01;134,2
37,857;67,35;134,9
38,178;64,95;136,9
38,499;63,51;140,8
38,819;61,91;139,9
39,140;57,69;140,8
39,461;58,09;138,5
39,782;58,24;139,2
40,103;61,84;139,6
40,423;56,57;137,7
40,744;55,80;137,0
41,065;52,76;134,8
41,386;51,71;134,7
41,707;53,32;132,6
42,028;53,16;128,8
42,348;57,68;127,6
42,669;55,09;132,3
42,990;59,62;130,1
43,311;55,25;125,9
43,632;54,97;122,0
43,953;50,90;123,7
44,273;49,59;126,2
44,594;50,55;122,2
44,915;52,03;124,3
45,236;50,97;121,9
45,557;53,88;122,7
45,877;54,24;121,2
46,198;54,70;120,8
46,519;56,60;123,2
46,840;53,01;123,3
47,161;52,37;122,8
47,482;52,36;122,5
47,802;50,52;121,8
48,123;46,55;123,9
48,444;48,64;122,2
48,765;48,10;113,5
49,086;50,31;116,0
49,406;53,21;117,0
49,727;50,07;113,8
50,048;50,67;112,6
50,369;53,19;114,4
50,690;55,72;111,0
51,011;51,61;111,0
51,331;55,45;112,2
51,652;56,23;112,3
51,973;54,17;111,8
52,294;53,12;111,2
52,615;51,44;113,9
52,936;56,62;113,3
53,256;56,09;116,2
53,577;54,00;114,9
53,898;56,67;110,2
54,219;56,75;110,4
54,540;55,96;116,1
54,860;58,92;116,1
55,181;59,78;112,0
55,502;65,01;112,3
55,823;63,55;108,4
56,144;63,52;108,1
56,465;67,56;107,6
56,785;66,10;104,3
57,106;65,60;107,5
57,427;64,46;106,9
57,748;63,90;107,6
58,069;61,70;102,6
58,389;62,27;101,3
58,710;63,97;104,0
59,031;65,19;102,3
59,352;68,08;100,2
59,673;60,58;105,8
59,994;59,70;108,6
60,314;56,08;110,6
60,635;59,37;114,1
60,956;60,41;112,6
61,277;60,25;113,1
61,598;58,91;111,9
61,919;60,16;111,6
62,239;62,07;108,1
62,560;60,66;114,3
62,881;63,96;117,2
63,202;61,62;117,9
63,523;64,46;114,0
63,843;64,25;112,1
64,164;61,07;116,2
64,485;59,39;115,7
64,806;60,65;116,8
65,127;59,56;115,5
65,448;60,70;115,7
65,768;58,97;109,0
66,089;56,87;112,5
66,410;57,95;113,2
66,731;54,44;110,5
67,052;54,28;111,7
67,372;57,89;104,9
67,693;57,76;105,9
68,014;57,90;105,8
68,335;58,15;109,7
68,656;60,45;113,9
68,977;63,73;115,1
69,297;64,24;121,2
69,618;59,38;124,0
69,939;60,77;125,7
70,260;59,88;129,2
70,581;57,41;130,3
70,902;53,68;128,4
71,222;50,35;130,3
71,543;53,67;130,7
71,864;52,33;125,1
72,185;53,84;122,0
72,506;55,26;119,0
72,826;52,94;116,7
73,147;55,51;112,6
73,468;55,39;109,5
73,789;54,28;112,7
74,110;53,00;110,6
74,431;54,36;113,2
74,751;50,05;113,4
75,072;50,32;115,4
75,393;53,63;118,9
75,714;49,54;114,1
76,035;44,08;115,3
76,355;45,67;114,8
76,676;48,06;114,3
76,997;46,54;115,6
77,318;45,21;116,9
77,639;44,08;115,2
77,960;45,13;122,3
78,280;44,90;121,8
78,601;41,58;122,4
78,922;44,68;124,1
79,243;52,08;121,6
79,564;55,04;121,4
79,885;55,52;121,1
80,205;57,92;123,6
80,526;57,84;124,3
80,847;58,42;125,1
81,168;58,31;124,9
81,489;59,72;121,7
81,809;60,76;122,3
82,130;61,66;118,1
82,451;58,13;115,9
82,772;58,39;115,4
83,093;61,66;110,8
83,414;64,75;112,2
83,734;64,26;117,1
84,055;64,66;116,7
84,376;66,41;113,5
84,697;65,24;114,6
85,018;66,01;110,4
85,338;69,34;108,1
85,659;71,76;106,2
85,980;67,64;103,8
86,301;66,32;101,6
86,622;70,46;101,2
86,943;73,14;99,81
87,263;76,52;98,41
87,584;70,58;96,15
87,905;69,49;94,31
88,226;73,31;92,54
88,547;73,44;96,13
88,868;76,80;94,19
89,188;77,96;95,73
89,509;79,85;92,26
89,830;85,19;90,60
90,151;82,86;87,83
90,472;86,59;86,32
90,792;86,52;87,20
91,113;86,67;86,21
91,434;88,50;87,72
91,755;86,50;86,09
92,076;87,71;83,89
92,397;87,62;82,58
92,717;92,34;82,00
93,038;90,91;85,06
93,359;89,23;85,29
93,680;88,05;88,38
94,001;87,33;86,69
94,321;90,32;88,52
94,642;88,75;88,83
94,963;90,48;88,02
95,284;93,43;87,72
95,605;98,12;86,08
95,926;99,04;85,79
96,246;98,17;90,05
96,567;101,0;90,17
96,888;100,4;91,08
97,209;95,72;91,12
97,530;98,44;93,36
97,850;100,4;93,16
98,171;101,4;91,19
98,492;97,66;90,19
98,813;99,73;90,08
99,134;102,7;87,74
99,455;103,7;85,23
99,775;108,0;87,18
100,096;109,8;86,84
100,417;109,7;84,23
100,738;112,9;84,86
101,059;112,6;82,85
101,380;112,5;84,72
101,700;110,5;81,78
102,021;106,4;80,80
102,342;106,8;77,66
102,663;106,3;79,32
102,984;106,1;78,54
103,304;102,4;83,12
103,625;103,9;80,89
103,946;106,5;79,15
104,267;105,4;77,30
104,588;106,7;75,80
104,909;107,1;76,27
105,229;106,5;71,26
105,550;104,0;71,67
105,871;104,0;72,90
106,192;106,1;72,49
106,513;107,4;71,80
106,833;106,1;68,79
107,154;108,7;68,38
107,475;107,6;65,54
107,796;107,4;70,37
108,117;106,7;70,66
108,438;110,0;72,60
108,758;112,1;67,89
109,079;107,6;65,07
109,400;109,7;63,24
109,721;115,3;63,38
110,042;114,7;60,40
110,363;119,0;58,62
110,683;118,8;61,43
111,004;122,6;59,46
111,325;121,3;63,58
111,646;121,1;62,88
111,967;117,7;62,69
112,287;116,7;61,40
112,608;117,2;61,53
112,929;110,5;61,91
113,250;113,1;65,50
113,571;111,8;69,95
113,892;113,4;67,73
114,212;113,8;71,15
114,533;111,9;70,30
114,854;110,1;72,92
115,175;110,3;69,97
115,496;105,0;67,73
115,816;102,0;70,27
116,137;101,2;68,44
116,458;103,7;72,63
116,779;105,5;71,01
117,100;106,1;67,75
117,421;110,0;65,86
117,741;108,4;65,98
118,062;109,5;67,57
118,383;105,4;72,57
118,704;105,7;69,40
119,025;101,3;71,27
119,346;100,5;67,70
119,666;103,7;65,83
119,987;104,7;62,43
120,308;100,7;60,79
120,629;105,9;61,16
120,950;110,1;64,25
121,270;108,9;64,24
121,591;107,6;62,25
121,912;107,8;64,73
122,233;110,0;66,20
122,554;109,4;65,47
122,875;109,6;65,41
123,195;113,7;67,43
123,516;111,8;66,43
123,837;112,4;71,09
124,158;112,7;73,92
124,479;111,4;73,51
124,799;109,6;71,73
125,120;111,4;69,29
125,441;109,9;70,22
125,762;113,5;72,44
126,083;111,5;73,02
126,404;114,0;73,61
126,724;113,9;77,91
127,045;114,0;76,49
127,366;113,7;78,13
127,687;110,4;74,94
128,008;110,1;73,78
128,329;109,5;72,15
128,649;111,6;73,47
128,970;114,2;76,75
129,291;110,3;77,66
129,612;112,1;74,20
129,933;110,3;73,34
130,253;111,7;73,92
130,574;110,3;76,10
130,895;111,2;82,73
131,216;111,6;84,73
131,537;115,1;82,96
131,858;114,7;83,39
132,178;112,3;80,96
132,499;112,1;76,65
132,820;110,9;76,79
133,141;109,6;76,91
133,462;109,2;80,16
133,782;102,5;77,67
134,103;101,9;77,64
134,424;92,86;82,95
134,745;97,12;85,56
135,066;95,53;83,36
135,387;91,26;78,78
135,707;96,25;74,78
136,028;93,78;73,17
136,349;95,10;75,91
136,670;95,97;77,17
136,991;96,69;75,84
137,312;99,79;72,86
137,632;101,1;71,38
137,953;101,5;73,74
138,274;93,61;75,83
138,595;95,14;77,04
138,916;93,15;80,82
139,236;90,80;85,00
139,557;92,92;78,63
139,878;88,55;79,70
140,199;89,03;81,97
140,520;88,61;81,35
140,841;91,35;84,89
141,161;96,59;84,86
141,482;99,09;84,12
141,803;103,5;82,73
142,124;106,8;85,55
142,445;109,9;85,62
142,765;105,8;82,98
143,086;109,7;82,48
143,407;106,0;87,17
143,728;106,4;84,85
144,049;109,8;82,20
144,370;111,0;81,13
144,690;109,0;79,29
145,011;112,0;78,21
145,332;112,4;76,53
145,653;112,3;79,33
145,974;112,1;74,57
146,295;115,8;74,55
146,615;118,7;73,79
146,936;120,2;73,00
147,257;120,5;69,03
147,578;121,6;68,61
147,899;119,3;67,82
148,219;120,8;65,57
148,540;125,7;63,47
148,861;128,1;60,44
149,182;125,7;57,52
149,503;117,7;54,61
149,824;119,3;57,84
150,144;115,3;59,60
150,465;119,0;59,59
150,786;117,5;61,67
151,107;117,0;63,68
151,428;112,8;63,25
151,748;113,1;63,99
152,069;111,5;65,21
152,390;108,6;64,35
152,711;112,4;67,06
153,032;111,4;65,49
153,353;113,7;65,11
153,673;113,6;62,57
153,994;113,1;61,82
154,315;115,2;65,70
154,636;115,1;65,53
154,957;112,4;67,54
155,278;111,6;68,29
155,598;117,5;63,29
155,919;116,5;60,44
156,240;114,3;63,85
156,561;113,3;65,60
156,882;113,2;61,74
157,202;111,7;62,16
157,523;113,9;66,55
157,844;112,4;59,51
158,165;111,3;56,80
158,486;115,2;59,92
158,807;114,1;61,60
159,127;111,8;63,31
159,448;112,9;65,94
159,769;112,7;67,79
160,090;113,9;66,62
160,411;112,6;64,11
160,731;110,6;62,34
161,052;115,6;63,39
161,373;115,3;61,89
161,694;114,1;58,71
162,015;111,1;60,84
162,336;107,8;57,73
162,656;106,1;54,05
162,977;104,1;55,76
163,298;102,5;52,73
163,619;100,7;53,98
163,940;101,7;53,92
164,261;104,5;56,64
164,581;102,5;58,19
164,902;102,1;57,72
165,223;100,1;59,54
165,544;103,0;64,58
165,865;106,0;64,58
166,185;106,1;67,09
166,506;108,5;66,99
166,827;111,8;68,49
167,148;112,8;67,64
167,469;111,6;66,30
167,790;110,4;68,16
168,110;109,4;70,35
168,431;110,3;68,80
168,752;109,2;69,57
169,073;104,9;68,38
169,394;102,3;65,87
169,714;105,2;64,99
170,035;108,9;64,49
170,356;109,0;64,72
170,677;106,7;63,51
170,998;104,1;60,80
171,319;104,2;59,54
171,639;107,5;57,78
171,960;108,1;55,63
172,281;108,7;52,95
172,602;111,6;54,48
172,923;112,4;53,63
173,244;111,2;51,85
173,564;107,7;49,17
173,885;108,0;50,67
174,206;107,6;54,40
174,527;107,6;56,16
174,848;106,3;55,36
175,168;106,3;56,03
175,489;102,6;57,28
175,810;105,6;53,66
176,131;102,8;54,63
176,452;107,9;56,88
176,773;112,1;56,10
177,093;112,2;54,73
177,414;110,8;54,65
177,735;111,8;54,76
178,056;113,2;55,02
178,377;115,7;51,52
178,697;114,0;47,44
179,018;112,3;47,88
179,339;116,2;48,55
179,660;115,9;50,44
179,981;116,9;46,48
180,302;120,6;47,18
180,622;118,7;47,40
180,943;116,3;49,27
181,264;118,2;48,87
181,585;115,9;44,77
181,906;121,1;43,16
182,226;122,3;43,94
182,547;122,2;45,09
182,868;124,6;46,99
183,189;123,0;48,26
183,510;125,0;48,07
183,831;123,0;48,08
184,151;122,7;47,81
184,472;121,6;49,59
184,793;122,1;46,39
185,114;122,4;48,93
185,435;119,9;49,99
185,756;122,8;48,53
186,076;121,2;48,77
186,397;120,9;50,44
186,718;117,2;51,71
187,039;120,1;52,17
187,360;125,3;53,59
187,680;121,6;52,46
188,001;116,8;51,54
188,322;118,7;51,79
188,643;117,9;46,79
188,964;116,8;46,75
189,285;113,3;48,39
189,605;109,0;52,14
189,926;111,6;50,63
190,247;112,7;53,38
190,568;113,9;53,82
190,889;114,0;54,74
191,209;112,1;55,29
191,530;111,2;56,56
191,851;115,5;55,35
192,172;113,1;57,81
192,493;109,0;60,03
192,814;108,1;61,06
