;feste Masse;;
t;x;y;
0,000;461,5;-68,25
0,320;461,4;-68,10
0,641;461,5;-68,11
0,961;461,7;-68,05
1,282;461,5;-68,24
1,602;462,1;-68,06
1,922;461,7;-68,12
2,243;461,6;-68,36
2,563;461,1;-68,41
2,884;462,0;-68,09
3,204;461,5;-68,33
3,525;461,4;-68,18
3,845;461,5;-68,26
4,165;461,5;-68,34
4,486;461,3;-68,52
4,806;461,8;-67,92
5,127;461,0;-68,06
5,447;461,5;-68,33
5,767;461,4;-68,18
6,088;461,5;-68,30
6,408;461,5;-68,44
6,729;461,6;-68,03
7,049;461,5;-68,39
7,369;461,7;-68,24
7,690;461,7;-68,11
8,010;461,5;-68,17
8,331;461,8;-68,24
8,651;461,6;-68,32
8,971;461,3;-68,27
9,292;461,5;-68,00
9,612;461,5;-68,46
9,933;461,2;-68,39
10,253;461,7;-68,29
10,574;461,3;-68,33
10,894;461,6;-68,27
11,214;461,0;-67,87
11,535;461,9;-68,22
11,855;461,3;-68,32
12,176;462,5;-68,50
12,496;461,5;-68,46
12,816;461,1;-68,22
13,137;461,6;-68,27
13,457;461,4;-68,18
13,778;461,8;-68,38
14,098;461,8;-67,76
14,418;461,5;-68,42
14,739;461,2;-67,92
15,059;461,7;-68,44
15,380;461,4;-68,33
15,700;461,6;-68,34
16,021;461,5;-68,35
16,341;461,4;-68,20
16,661;461,6;-68,18
16,982;461,3;-68,18
17,302;461,5;-68,26
17,623;461,8;-68,15
17,943;461,7;-68,25
18,263;461,3;-68,23
18,584;461,2;-68,48
18,904;461,7;-68,26
19,225;461,5;-68,28
19,545;461,5;-68,20
19,865;461,4;-68,52
20,186;461,7;-68,14
20,506;461,6;-68,08
20,827;461,7;-68,54
21,147;461,4;-68,41
21,467;461,6;-68,12
21,788;461,1;-68,03
22,108;461,7;-68,17
22,429;461,3;-68,15
22,749;461,5;-68,10
23,070;461,9;-68,29
23,390;461,3;-68,32
23,710;461,6;-68,23
24,031;461,8;-68,19
24,351;461,5;-68,40
24,672;461,6;-68,33
24,992;461,2;-68,16
25,312;461,1;-68,18
25,633;461,6;-68,12
25,953;461,4;-67,98
26,274;461,6;-68,15
26,594;461,7;-68,42
26,914;461,5;-68,33
27,235;461,5;-68,23
27,555;461,6;-68,26
27,876;461,2;-68,15
28,196;461,4;-68,22
28,517;461,7;-68,31
28,837;461,6;-68,35
29,157;461,7;-68,48
29,478;461,3;-68,05
29,798;461,5;-68,28
30,119;461,5;-68,39
30,439;461,6;-68,22
30,759;461,3;-68,24
31,080;461,4;-68,02
31,400;461,3;-68,59
31,721;461,7;-68,33
32,041;461,7;-68,27
32,361;461,6;-68,36
32,682;461,3;-67,91
33,002;461,5;-68,23
33,323;461,5;-68,27
33,643;461,5;-68,06
33,963;461,4;-68,44
34,284;461,5;-68,18
34,604;461,6;-68,16
34,925;461,8;-68,54
35,245;461,2;-68,18
35,566;461,5;-67,98
35,886;461,5;-68,39
36,206;461,5;-68,19
36,527;461,4;-68,17
36,847;461,2;-68,42
37,168;461,6;-68,20
37,488;461,7;-68,38
37,808;461,5;-68,32
38,129;461,2;-68,05
38,449;461,6;-68,24
38,770;461,4;-67,97
39,090;461,8;-68,34
39,410;461,7;-68,32
39,731;461,5;-68,53
40,051;461,5;-68,42
40,372;461,7;-67,96
40,692;461,3;-68,19
41,012;461,3;-68,17
41,333;461,5;-68,35
41,653;461,5;-68,29
41,974;461,4;-68,19
42,294;461,5;-67,92
42,615;461,4;-68,18
42,935;461,6;-68,57
43,255;461,6;-68,15
43,576;461,5;-68,12
43,896;461,7;-68,01
44,217;461,3;-68,43
44,537;461,8;-68,19
44,857;461,4;-68,72
45,178;461,2;-68,11
45,498;462,0;-68,27
45,819;461,5;-68,21
46,139;461,3;-68,02
46,459;461,5;-68,19
46,780;461,9;-68,45
47,100;461,2;-68,18
47,421;461,4;-68,25
47,741;461,4;-68,04
48,062;461,5;-68,47
48,382;461,6;-68,25
48,702;461,8;-68,29
49,023;461,4;-68,31
49,343;461,8;-68,18
49,664;461,6;-68,41
49,984;461,5;-68,20
50,304;461,4;-68,29
50,625;461,5;-68,14
50,945;461,1;-68,41
51,266;461,6;-68,52
51,586;461,5;-67,95
51,906;461,5;-68,27
52,227;461,3;-68,05
52,547;461,7;-68,21
52,868;461,6;-68,01
53,188;461,7;-68,20
53,508;461,3;-68,57
53,829;461,2;-68,25
54,149;461,6;-68,48
54,470;461,4;-68,27
54,790;461,6;-68,21
55,111;461,6;-68,13
55,431;461,2;-68,36
55,751;461,6;-68,34
56,072;461,4;-68,37
56,392;461,5;-68,35
56,713;461,7;-68,25
57,033;461,6;-68,23
57,353;461,5;-67,94
57,674;461,6;-68,01
57,994;461,3;-67,97
58,315;461,5;-68,24
58,635;461,4;-68,29
58,955;461,5;-68,18
59,276;461,4;-68,41
59,596;461,7;-68,39
59,917;461,3;-68,27
60,237;461,5;-68,32
60,558;461,6;-68,15
60,878;461,5;-68,52
61,198;461,7;-68,36
61,519;461,6;-67,99
61,839;461,5;-68,38
62,160;461,4;-68,34
62,480;461,3;-68,13
62,800;462,0;-68,14
63,121;461,3;-68,31
63,441;461,5;-68,22
63,762;461,3;-68,31
64,082;461,2;-68,20
64,402;461,4;-68,10
64,723;461,2;-68,36
65,043;461,8;-68,11
65,364;461,6;-68,05
65,684;461,5;-68,16
66,004;461,7;-68,30
66,325;461,6;-68,43
66,645;461,7;-68,32
66,966;461,8;-68,27
67,286;461,1;-68,05
67,607;461,5;-68,39
67,927;461,5;-68,43
68,247;461,5;-68,30
68,568;461,5;-68,18
68,888;461,6;-68,43
69,209;461,5;-68,37
69,529;461,7;-68,20
69,849;461,4;-68,30
70,170;461,5;-68,12
70,490;461,3;-68,05
70,811;461,6;-68,34
71,131;461,6;-68,20
71,451;461,3;-68,10
71,772;461,8;-68,24
72,092;461,4;-68,11
72,413;461,2;-68,12
72,733;461,7;-68,50
73,054;461,2;-68,55
73,374;461,5;-68,34
73,694;461,8;-67,88
74,015;461,4;-68,51
74,335;461,5;-68,22
74,656;461,1;-68,21
74,976;461,8;-68,28
75,296;461,4;-68,03
75,617;461,4;-68,17
75,937;461,2;-68,19
76,258;461,5;-68,16
76,578;461,6;-68,21
76,898;461,6;-68,29
77,219;461,5;-68,13
77,539;461,6;-68,31
77,860;461,5;-68,07
78,180;461,5;-68,28
78,500;461,2;-68,22
78,821;461,5;-68,55
79,141;461,1;-68,00
79,462;461,8;-68,15
79,782;461,6;-68,34
80,103;461,6;-68,39
80,423;461,5;-68,26
80,743;461,6;-68,19
81,064;461,4;-68,22
81,384;461,7;-68,12
81,705;461,6;-68,40
82,025;461,7;-68,27
82,345;461,6;-68,40
82,666;461,6;-68,36
82,986;461,5;-68,26
83,307;461,3;-68,28
83,627;461,7;-68,23
83,947;461,4;-68,13
84,268;461,3;-68,59
84,588;461,3;-67,98
84,909;461,6;-68,24
85,229;461,5;-68,12
85,550;461,6;-68,41
85,870;461,3;-68,26
86,190;461,6;-68,13
86,511;461,6;-68,17
86,831;461,5;-67,84
87,152;461,6;-69,05
87,472;461,6;-68,75
87,792;461,4;-68,17
88,113;461,6;-68,35
88,433;461,8;-68,44
88,754;461,6;-68,03
89,074;461,6;-68,07
89,394;461,6;-68,33
89,715;461,4;-68,33
90,035;461,2;-68,35
90,356;461,0;-68,33
90,676;461,4;-68,28
90,996;461,2;-68,38
91,317;461,3;-68,20
91,637;461,7;-68,28
91,958;461,6;-68,11
92,278;461,7;-68,20
92,599;461,4;-68,20
92,919;461,4;-68,34
93,239;461,4;-68,07
93,560;461,5;-68,21
93,880;461,5;-68,33
94,201;461,4;-68,48
94,521;461,6;-68,05
94,841;461,7;-68,47
95,162;461,3;-67,92
95,482;461,6;-68,20
95,803;461,9;-68,25
96,123;461,3;-68,22
96,443;461,7;-68,31
96,764;461,3;-68,41
97,084;461,3;-68,44
97,405;461,4;-68,11
97,725;461,4;-68,49
98,045;461,6;-68,20
98,366;461,4;-68,17
98,686;461,4;-68,40
99,007;461,7;-68,12
99,327;461,6;-68,13
99,648;461,4;-68,33
99,968;461,6;-68,32
100,288;461,2;-68,30
100,609;461,3;-68,27
100,929;461,8;-68,02
101,250;461,3;-68,26
101,570;461,4;-68,25
101,890;461,6;-68,14
102,211;461,6;-68,02
102,531;461,5;-68,26
102,852;461,4;-68,32
103,172;461,6;-68,22
103,492;461,4;-68,36
103,813;461,8;-68,12
104,133;461,6;-68,53
104,454;461,4;-68,22
104,774;461,5;-68,23
105,095;461,3;-68,27
105,415;461,6;-68,26
105,735;461,7;-68,40
106,056;461,1;-67,99
106,376;461,4;-68,24
106,697;461,3;-68,27
107,017;461,3;-68,05
107,337;461,4;-68,47
107,658;461,7;-68,19
107,978;461,3;-68,19
108,299;461,6;-68,07
108,619;461,5;-68,40
108,939;461,3;-68,21
109,260;461,6;-68,21
109,580;461,6;-68,53
109,901;461,4;-68,28
110,221;461,6;-68,19
110,541;461,5;-68,24
110,862;461,5;-68,41
111,182;461,6;-67,94
111,503;461,5;-68,19
111,823;461,4;-68,37
112,144;461,6;-68,12
112,464;461,7;-68,41
112,784;461,2;-68,38
113,105;461,6;-68,35
113,425;461,4;-68,08
113,746;461,7;-68,10
114,066;461,5;-68,17
114,386;461,5;-68,34
114,707;461,6;-68,26
115,027;461,4;-68,28
115,348;461,5;-68,24
115,668;461,4;-68,27
115,988;461,4;-68,31
116,309;461,5;-68,08
116,629;461,7;-68,23
116,950;461,4;-68,19
117,270;461,4;-68,30
117,591;461,4;-68,25
117,911;461,7;-68,08
118,231;461,4;-68,53
118,552;461,6;-68,22
118,872;461,6;-68,49
119,193;461,4;-68,29
119,513;461,8;-68,10
119,833;461,6;-68,03
120,154;461,4;-68,33
120,474;461,4;-68,42
120,795;461,3;-68,18
121,115;461,6;-68,28
121,435;461,8;-68,12
121,756;461,5;-68,41
122,076;461,5;-68,23
122,397;461,5;-68,23
122,717;461,4;-68,22
123,037;461,4;-68,45
123,358;461,7;-68,23
123,678;461,4;-68,36
123,999;461,2;-68,12
124,319;461,7;-68,08
124,640;461,6;-68,60
124,960;461,4;-68,24
125,280;461,2;-68,20
125,601;461,6;-68,30
125,921;461,7;-68,24
126,242;461,6;-68,25
126,562;461,3;-68,07
126,882;461,5;-68,32
127,203;461,6;-68,17
127,523;461,5;-68,22
127,844;461,8;-68,12
128,164;461,3;-68,36
128,484;461,7;-68,26
128,805;461,5;-68,25
129,125;461,4;-68,33
129,446;461,5;-68,33
129,766;461,3;-68,25
130,087;461,7;-67,96
130,407;461,4;-68,24
130,727;461,4;-68,33
131,048;461,7;-68,32
131,368;461,4;-68,27
131,689;461,2;-68,23
132,009;461,3;-68,00
132,329;461,4;-68,39
132,650;461,8;-68,18
132,970;461,8;-68,56
133,291;461,5;-68,32
133,611;461,2;-68,01
133,931;461,3;-68,36
134,252;461,8;-68,15
134,572;461,5;-68,11
134,893;461,5;-68,45
135,213;461,3;-68,06
135,533;461,6;-68,09
135,854;461,4;-68,62
136,174;461,6;-68,13
136,495;461,5;-68,11
136,815;461,5;-68,45
137,136;461,5;-68,50
137,456;461,6;-68,15
137,776;461,4;-68,05
138,097;461,6;-68,32
138,417;461,7;-68,22
138,738;461,3;-68,28
139,058;461,4;-68,16
139,378;461,4;-68,19
139,699;461,8;-68,17
140,019;461,7;-68,18
140,340;461,4;-68,38
140,660;461,4;-68,32
140,980;461,6;-68,52
141,301;461,6;-68,07
141,621;461,2;-68,24
141,942;461,3;-68,22
142,262;461,7;-68,21
142,583;461,2;-68,28
142,903;461,6;-68,37
143,223;461,3;-68,47
143,544;461,5;-67,94
143,864;461,6;-68,21
144,185;461,4;-68,17
144,505;461,7;-68,30
144,825;461,6;-68,12
145,146;461,4;-68,21
145,466;461,6;-68,36
145,787;461,5;-68,31
146,107;461,4;-68,49
146,427;461,4;-68,54
146,748;461,5;-68,12
147,068;461,5;-68,18
147,389;461,4;-68,16
147,709;461,5;-68,24
148,029;461,8;-67,97
148,350;461,3;-68,24
148,670;461,6;-68,27
148,991;461,4;-68,34
149,311;461,8;-68,16
149,632;461,4;-68,07
149,952;461,3;-68,41
150,272;461,3;-68,30
150,593;461,8;-68,06
150,913;461,5;-68,27
151,234;461,4;-68,19
151,554;461,4;-68,29
151,874;461,6;-68,29
152,195;461,4;-68,26
152,515;461,8;-68,22
152,836;461,3;-68,13
153,156;461,4;-68,19
153,476;461,5;-68,33
153,797;461,6;-68,37
154,117;461,4;-68,36
154,438;461,4;-68,54
154,758;461,5;-68,32
155,079;461,3;-67,96
155,399;461,6;-68,33
155,719;461,6;-68,27
156,040;461,3;-68,21
156,360;461,3;-68,27
156,681;461,7;-68,09
157,001;461,5;-68,05
157,321;461,7;-68,63
157,642;461,3;-67,86
157,962;461,5;-68,21
158,283;461,4;-68,27
158,603;461,7;-68,29
158,923;461,6;-68,29
159,244;461,6;-68,31
159,564;461,5;-68,26
159,885;461,4;-68,47
160,205;461,4;-67,98
160,525;461,5;-68,14
160,846;461,5;-68,22
161,166;461,4;-68,31
161,487;461,6;-68,08
161,807;461,5;-68,37
162,128;461,5;-68,42
162,448;461,5;-68,29
162,768;461,6;-68,23
163,089;461,8;-68,48
163,409;461,4;-67,99
163,730;461,2;-68,27
164,050;461,5;-68,29
164,370;461,5;-68,20
164,691;461,6;-68,25
165,011;461,3;-68,20
165,332;461,9;-68,21
165,652;461,3;-68,34
165,972;461,3;-68,55
166,293;461,8;-68,12
166,613;461,4;-68,24
166,934;461,5;-68,16
167,254;461,7;-68,09
167,574;461,1;-68,16
167,895;461,4;-68,02
168,215;461,1;-68,39
168,536;461,9;-68,52
168,856;461,2;-68,21
169,177;461,4;-68,24
169,497;461,6;-68,53
169,817;461,7;-68,22
170,138;461,6;-68,11
170,458;461,6;-68,26
170,779;461,4;-68,26
171,099;461,4;-68,15
171,419;461,4;-68,17
171,740;461,7;-68,23
172,060;461,4;-68,33
172,381;461,6;-68,30
172,701;461,6;-68,25
173,021;461,3;-68,04
173,342;461,6;-68,44
173,662;461,6;-68,20
173,983;461,8;-68,30
174,303;461,3;-68,16
174,624;461,4;-68,47
174,944;461,5;-68,33
175,264;461,4;-68,33
175,585;461,8;-68,07
175,905;461,3;-68,19
176,226;461,6;-68,35
176,546;461,4;-68,35
176,866;461,7;-67,98
177,187;461,2;-68,37
177,507;461,4;-68,33
177,828;461,6;-68,21
178,148;461,6;-68,32
178,468;461,7;-68,30
178,789;461,4;-68,16
179,109;461,6;-68,35
179,430;461,1;-68,24
179,750;461,5;-68,34
180,070;461,5;-68,24
180,391;461,3;-68,11
180,711;461,4;-68,08
181,032;461,7;-68,29
181,352;462,0;-68,41
181,673;461,3;-68,10
181,993;461,2;-68,00
182,313;461,6;-68,32
182,634;461,7;-68,21
182,954;461,6;-68,32
183,275;461,3;-68,37
183,595;461,4;-68,55
183,915;461,6;-68,10
184,236;461,4;-68,12
184,556;461,9;-68,39
184,877;461,5;-68,02
185,197;461,3;-68,33
185,517;461,6;-68,27
185,838;461,1;-68,20
186,158;461,6;-68,07
186,479;461,5;-68,06
186,799;461,5;-68,48
187,120;461,5;-68,43
187,440;461,6;-68,00
187,760;461,2;-68,29
188,081;461,2;-68,33
188,401;462,0;-68,48
188,722;461,6;-68,19
189,042;461,6;-68,24
189,362;461,3;-68,06
189,683;461,6;-68,29
190,003;461,5;-68,39
190,324;461,6;-68,38
190,644;461,2;-68,19
190,964;461,5;-68,17
191,285;461,6;-68,15
191,605;461,2;-68,08
191,926;461,5;-68,27
192,246;461,6;-68,26
192,566;461,5;-68,38
192,887;461,4;-68,34
193,207;461,7;-68,29
193,528;461,4;-68,46
193,848;461,6;-67,96
194,169;461,4;-68,30
194,489;461,4;-68,41
194,809;461,3;-68,15
195,130;461,5;-68,03
195,450;461,5;-68,19
195,771;461,6;-68,41
196,091;461,6;-68,14
196,411;461,7;-68,03
196,732;461,7;-68,53
197,052;461,5;-68,22
197,373;461,3;-68,31
197,693;461,5;-68,10
198,013;461,4;-68,06
198,334;461,5;-68,31
198,654;461,1;-68,32
198,975;461,4;-68,26
199,295;461,6;-68,32
199,616;461,9;-68,48
199,936;461,5;-67,99
200,256;461,4;-68,31
200,577;461,4;-68,44
200,897;461,7;-68,26
201,218;461,3;-68,19
201,538;461,2;-67,86
201,858;461,4;-68,33
202,179;461,6;-68,38
202,499;461,6;-68,25
202,820;461,4;-68,23
203,140;461,5;-68,01
203,460;461,5;-68,19
203,781;461,5;-68,41
204,101;461,5;-68,39
204,422;461,6;-68,33
204,742;461,8;-68,45
205,062;461,4;-68,12
205,383;461,5;-68,10
205,703;461,4;-68,56
206,024;461,6;-68,10
206,344;461,6;-68,42
206,665;461,5;-68,00
206,985;461,1;-68,46
207,305;461,8;-68,41
207,626;461,7;-68,00
207,946;461,3;-68,26
208,267;461,5;-68,46
208,587;461,7;-68,18
208,907;461,5;-68,09
209,228;461,6;-68,53
209,548;461,5;-68,22
209,869;461,2;-68,19
210,189;461,6;-68,29
210,509;461,6;-68,32
210,830;461,4;-68,32
211,150;461,7;-68,17
211,471;461,4;-68,08
211,791;461,6;-67,91
212,112;461,6;-68,53
212,432;461,2;-68,32
212,752;461,4;-68,27
213,073;461,7;-68,50
213,393;461,2;-68,24
213,714;461,4;-68,18
214,034;461,3;-68,12
214,354;461,6;-68,26
214,675;461,5;-68,27
214,995;461,9;-68,24
215,316;461,7;-68,40
215,636;461,6;-68,28
215,956;461,4;-68,25
216,277;461,4;-68,27
216,597;461,5;-68,39
216,918;461,3;-68,14
217,238;461,6;-67,97
217,558;461,7;-68,45
217,879;461,4;-67,94
218,199;461,4;-68,39
218,520;461,5;-68,29
218,840;461,5;-68,17
219,161;461,7;-68,30
219,481;461,3;-68,19
219,801;461,5;-68,35
220,122;461,5;-68,29
220,442;461,5;-68,24
220,763;461,6;-68,48
221,083;461,4;-68,33
221,403;461,6;-68,33
221,724;461,6;-68,22
222,044;461,3;-68,17
222,365;461,6;-67,89
222,685;461,2;-68,19
223,005;461,5;-68,35
223,326;461,6;-68,44
223,646;461,6;-68,31
223,967;461,5;-68,04
224,287;461,5;-68,15
224,607;461,6;-68,41
224,928;461,5;-67,99
225,248;461,8;-68,40
225,569;461,2;-68,29
225,889;461,4;-68,29
226,210;461,5;-68,23
226,530;461,3;-68,15
226,850;461,3;-68,43
227,171;461,6;-68,34
227,491;461,7;-68,17
227,812;461,6;-68,36
228,132;461,5;-67,94
228,452;461,1;-68,61
228,773;461,7;-68,17
229,093;461,6;-68,48
229,414;461,6;-68,06
229,734;461,7;-68,14
230,054;461,2;-68,39
230,375;461,6;-68,12
230,695;461,3;-68,21
231,016;461,7;-68,20
231,336;461,6;-68,12
231,657;461,6;-68,43
231,977;461,4;-68,25
232,297;461,5;-68,36
232,618;461,6;-68,17
232,938;461,5;-68,34
233,259;461,3;-68,13
233,579;461,6;-68,19
233,899;461,6;-68,27
234,220;461,4;-68,19
234,540;461,5;-68,42
234,861;461,4;-68,18
235,181;461,3;-68,20
235,501;461,8;-68,41
235,822;461,4;-68,05
236,142;461,4;-68,37
236,463;461,5;-68,15
236,783;461,4;-68,24
237,103;461,7;-68,17
237,424;461,5;-68,03
237,744;461,4;-68,19
238,065;461,2;-68,26
238,385;461,6;-68,51
238,706;461,5;-68,22
239,026;461,5;-68,40
239,346;461,8;-68,45
239,667;461,3;-68,34
239,987;461,2;-68,08
240,308;461,7;-68,06
240,628;461,5;-68,30
240,948;461,7;-68,35
241,269;461,3;-68,39
241,589;461,5;-68,15
241,910;461,8;-68,40
242,230;461,4;-68,17
242,550;461,6;-68,42
242,871;461,7;-68,02
243,191;461,4;-68,11
243,512;461,5;-68,42
243,832;461,4;-68,11
244,153;461,3;-68,24
244,473;461,4;-68,26
244,793;461,5;-68,23
245,114;461,5;-68,42
245,434;461,4;-68,27
245,755;461,4;-68,13
246,075;461,6;-68,41
246,395;461,7;-68,45
246,716;461,5;-68,45
247,036;461,3;-68,02
247,357;461,5;-68,20
247,677;461,5;-68,22
247,997;461,9;-68,43
248,318;461,5;-68,18
248,638;461,6;-68,14
248,959;461,6;-68,02
249,279;461,3;-68,39
249,599;461,5;-68,22
249,920;461,5;-68,17
250,240;461,5;-68,27
250,561;461,3;-68,32
250,881;461,6;-68,12
251,202;461,5;-68,18
251,522;461,4;-68,56
251,842;461,5;-68,50
252,163;461,5;-68,13
252,483;461,2;-68,02
252,804;461,6;-68,21
253,124;461,4;-68,23
253,444;461,7;-68,18
253,765;461,4;-67,82
254,085;461,6;-68,50
254,406;461,5;-68,05
254,726;461,6;-68,50
255,046;461,4;-68,41
255,367;461,4;-68,33
255,687;461,5;-68,25
256,008;461,3;-68,04
256,328;461,7;-68,39
256,649;461,4;-67,93
256,969;461,4;-68,13
257,289;461,4;-68,37
257,610;461,8;-68,41
257,930;461,6;-68,30
258,251;461,4;-68,24
258,571;461,8;-68,29
258,891;461,6;-68,55
259,212;461,3;-68,49
259,532;461,5;-67,93
259,853;461,5;-68,50
260,173;461,6;-67,97
260,493;461,4;-68,26
260,814;461,4;-68,35
261,134;461,5;-68,22
261,455;461,5;-67,86
261,775;461,4;-68,12
262,095;461,8;-68,41
262,416;461,5;-68,28
262,736;461,4;-68,19
263,057;461,5;-68,31
263,377;461,6;-68,15
263,698;461,7;-68,55
264,018;461,3;-68,05
264,338;461,5;-68,31
264,659;461,7;-68,23
264,979;461,2;-68,15
265,300;461,6;-68,43
265,620;461,3;-68,08
265,940;461,5;-68,24
266,261;461,7;-68,16
266,581;461,5;-68,00
266,902;461,5;-68,31
267,222;461,5;-68,46
267,542;461,7;-68,56
267,863;461,6;-68,38
268,183;461,8;-68,08
268,504;461,3;-68,31
268,824;461,6;-68,18
269,145;460,9;-68,09
269,465;461,4;-68,48
269,785;461,1;-68,25
270,106;461,3;-68,13
270,426;461,3;-68,23
270,747;461,3;-68,49
271,067;461,6;-68,41
271,387;461,7;-68,05
271,708;461,6;-68,28
272,028;461,4;-68,52
272,349;461,4;-67,99
272,669;461,5;-68,34
272,989;462,1;-68,41
273,310;461,3;-67,97
273,630;461,6;-68,46
273,951;461,4;-68,12
274,271;461,6;-68,16
274,591;461,7;-68,13
274,912;461,7;-68,16
275,232;461,4;-68,28
275,553;461,3;-68,41
275,873;461,6;-68,20
276,194;461,5;-68,33
276,514;461,8;-68,26
276,834;461,6;-68,11
277,155;461,2;-68,36
277,475;461,5;-68,46
277,796;461,5;-68,24
278,116;461,6;-68,30
278,436;461,6;-68,48
278,757;461,4;-68,29
279,077;461,5;-68,24
279,398;461,4;-68,34
279,718;461,3;-67,88
280,038;461,5;-68,05
280,359;461,4;-68,16
280,679;461,5;-68,09
281,000;461,6;-68,23
281,320;461,7;-68,40
281,640;461,5;-68,13
281,961;461,5;-68,31
282,281;461,5;-68,31
282,602;461,5;-68,28
282,922;461,6;-68,42
283,243;461,6;-68,10
283,563;461,5;-68,18
283,883;461,5;-68,65
284,204;461,2;-68,39
284,524;461,5;-67,96
284,845;461,7;-68,00
285,165;461,6;-68,20
285,485;461,4;-68,25
285,806;461,4;-68,54
286,126;461,3;-68,23
286,447;461,7;-68,16
286,767;461,7;-68,41
287,087;461,4;-68,42
287,408;461,2;-67,99
287,728;461,4;-68,03
288,049;461,4;-68,18
288,369;461,6;-68,45
288,690;461,6;-68,36
289,010;461,6;-68,41
289,330;461,6;-68,27
289,651;462,1;-67,95
289,971;461,4;-68,15
290,292;461,6;-68,22
290,612;461,6;-68,18
290,932;461,5;-68,69
291,253;461,5;-68,21
291,573;461,2;-68,32
291,894;461,5;-68,10
292,214;462,0;-68,31
292,534;461,3;-68,29
292,855;461,5;-68,36
293,175;461,2;-68,04
293,496;461,7;-68,11
293,816;461,4;-68,44
294,136;461,5;-68,21
294,457;461,5;-68,06
294,777;461,5;-68,23
295,098;461,4;-68,46
295,418;461,5;-68,15
295,739;461,3;-68,41
296,059;461,5;-68,32
296,379;461,5;-68,18
296,700;461,4;-68,26
297,020;461,6;-68,23
297,341;461,5;-68,24
297,661;461,4;-68,06
297,981;462,0;-68,42
298,302;461,4;-68,09
298,622;461,2;-68,33
298,943;461,5;-68,05
299,263;461,3;-68,30
299,583;461,5;-68,38
299,904;461,7;-68,38
300,224;461,7;-68,54
300,545;461,5;-68,01
300,865;461,4;-68,28
301,186;461,4;-68,20
301,506;461,7;-68,48
301,826;461,6;-68,04
302,147;461,5;-68,23
302,467;461,5;-68,15
302,788;461,4;-68,53
303,108;461,6;-68,14
303,428;461,2;-68,25
303,749;461,6;-68,28
304,069;461,6;-68,15
304,390;461,6;-68,33
304,710;461,3;-68,06
305,030;461,5;-68,28
305,351;461,6;-68,21
305,671;461,5;-68,36
305,992;461,5;-68,30
306,312;461,5;-68,30
306,632;461,6;-68,32
306,953;461,2;-68,35
307,273;461,4;-68,09
307,594;461,5;-68,32
307,914;462,2;-68,05
308,235;461,7;-68,16
308,555;461,5;-68,19
308,875;461,6;-68,31
309,196;461,5;-68,29
309,516;461,8;-68,19
309,837;461,1;-68,18
310,157;462,1;-68,23
310,477;461,6;-68,29
310,798;461,3;-68,19
311,118;461,6;-68,20
311,439;461,5;-68,34
311,759;461,8;-68,53
312,079;461,2;-68,14
312,400;461,4;-67,85
312,720;461,7;-68,19
313,041;461,7;-68,65
313,361;461,5;-68,30
313,682;461,6;-68,23
314,002;461,7;-68,42
314,322;461,4;-68,20
314,643;461,5;-68,11
314,963;461,6;-68,31
315,284;461,0;-68,30
315,604;461,5;-68,47
315,924;461,9;-68,23
316,245;461,6;-68,02
316,565;461,4;-68,28
316,886;461,5;-68,19
317,206;461,5;-68,48
317,526;461,5;-68,18
317,847;461,6;-68,06
318,167;461,4;-68,29
318,488;461,7;-68,63
318,808;461,2;-68,24
319,128;461,2;-68,08
319,449;461,8;-68,03
319,769;461,5;-68,59
320,090;461,3;-68,40
320,410;461,4;-68,28
320,731;461,6;-67,89
321,051;461,5;-68,20
321,371;461,4;-68,43
321,692;461,4;-68,09
322,012;461,7;-68,22
322,333;461,4;-68,33
322,653;461,4;-67,93
322,973;461,4;-68,06
323,294;461,6;-68,38
323,614;461,7;-68,20
323,935;461,8;-68,18
324,255;461,5;-68,31
324,575;461,5;-68,33
324,896;461,5;-68,30
325,216;461,4;-68,19
325,537;461,3;-68,44
325,857;461,7;-68,46
326,178;461,5;-68,22
326,498;461,4;-68,12
326,818;461,5;-68,29
327,139;461,7;-68,06
327,459;461,4;-68,48
327,780;461,5;-68,13
328,100;461,3;-68,52
328,420;461,5;-68,18
328,741;461,7;-68,07
329,061;461,5;-68,22
329,382;461,3;-68,32
329,702;461,4;-68,12
330,022;461,7;-68,42
330,343;461,3;-68,15
330,663;461,6;-68,07
330,984;461,5;-68,38
331,304;461,8;-68,39
331,624;461,4;-68,26
331,945;461,4;-68,17
332,265;461,5;-67,72
332,586;461,3;-68,03
332,906;461,4;-68,21
333,227;461,5;-68,17
333,547;461,4;-68,04
333,867;461,8;-68,37
334,188;461,5;-68,25
334,508;461,4;-68,42
334,829;461,6;-68,58
335,149;461,7;-68,02
335,469;461,5;-68,28
335,790;461,5;-68,49
336,110;461,6;-68,49
336,431;461,5;-68,19
336,751;461,5;-68,07
337,071;461,2;-68,04
337,392;461,5;-68,42
337,712;461,7;-68,09
338,033;461,5;-68,31
338,353;461,5;-68,17
338,674;461,2;-68,42
338,994;461,5;-68,23
339,314;461,5;-68,12
339,635;461,3;-68,32
339,955;461,7;-68,08
340,276;461,2;-68,22
340,596;461,4;-67,89
340,916;461,8;-68,62
341,237;461,3;-68,45
341,557;461,6;-68,34
341,878;461,9;-68,30
342,198;461,5;-68,15
342,518;461,5;-68,08
342,839;461,2;-68,71
343,159;461,4;-68,36
343,480;461,3;-67,67
343,800;461,6;-67,99
344,120;461,7;-68,27
344,441;461,6;-68,07
344,761;461,4;-68,31
345,082;461,7;-67,92
345,402;461,2;-68,06
345,723;461,5;-68,39
346,043;461,4;-68,39
346,363;461,6;-68,11
346,684;461,6;-68,54
347,004;461,5;-68,23
347,325;461,4;-68,36
347,645;461,5;-68,11
347,965;461,3;-68,13
348,286;461,5;-68,50
348,606;461,4;-68,41
348,927;461,6;-68,02
349,247;461,4;-68,18
349,567;461,6;-68,38
349,888;461,6;-68,02
350,208;461,6;-68,17
350,529;461,7;-68,45
350,849;461,4;-68,13
351,169;461,4;-68,25
351,490;461,4;-68,30
351,810;461,3;-68,16
352,131;461,6;-68,20
352,451;461,6;-68,12
352,772;461,5;-68,20
353,092;461,6;-68,40
353,412;461,5;-68,24
353,733;461,5;-68,11
354,053;461,7;-68,30
354,374;461,4;-68,18
354,694;461,5;-68,42
355,014;461,5;-68,35
355,335;461,2;-68,21
355,655;461,4;-68,28
355,976;461,3;-68,24
356,296;461,7;-68,26
356,616;461,2;-68,33
356,937;461,8;-68,00
357,257;461,5;-68,15
357,578;461,5;-68,15
357,898;461,6;-68,41
358,219;461,4;-68,23
358,539;461,5;-68,53
358,859;461,5;-68,01
359,180;461,3;-68,25
359,500;461,8;-68,05
359,821;461,4;-68,42
360,141;461,8;-68,54
360,461;461,5;-68,52
360,782;461,3;-68,15
361,102;461,6;-68,38
361,423;461,1;-67,93
361,743;461,3;-68,15
362,063;461,6;-68,02
362,384;461,5;-68,29
362,704;461,6;-68,60
363,025;461,3;-68,12
363,345;462,0;-68,45
363,665;461,5;-68,33
363,986;461,6;-68,15
364,306;461,7;-68,25
364,627;461,6;-68,37
364,947;461,5;-67,93
365,268;461,5;-68,25
365,588;461,4;-68,35
365,908;461,3;-67,99
366,229;461,7;-68,13
366,549;461,5;-68,53
366,870;461,1;-68,23
367,190;461,7;-68,28
367,510;461,5;-68,22
367,831;461,3;-68,52
368,151;461,5;-68,21
368,472;461,6;-68,48
368,792;461,4;-68,05
369,112;461,5;-68,38
369,433;461,6;-68,01
369,753;461,4;-68,19
370,074;461,4;-68,10
370,394;461,6;-68,29
370,715;461,5;-68,13
371,035;461,4;-68,37
371,355;461,9;-68,37
371,676;461,4;-68,38
371,996;461,4;-68,52
372,317;461,5;-67,95
372,637;461,2;-68,46
372,957;462,0;-68,32
373,278;461,4;-68,05
373,598;461,7;-68,19
373,919;461,1;-68,40
374,239;461,5;-68,43
374,559;461,5;-68,09
374,880;461,6;-68,13
375,200;461,5;-68,25
375,521;461,4;-68,30
375,841;461,5;-68,22
376,161;462,0;-68,22
376,482;461,5;-68,16
376,802;461,3;-68,28
377,123;461,4;-68,33
377,443;461,4;-68,20
377,764;461,3;-68,25
378,084;461,8;-68,11
378,404;461,5;-68,17
378,725;461,5;-68,42
379,045;461,5;-68,18
379,366;461,5;-68,11
379,686;461,4;-68,49
380,006;461,3;-68,10
380,327;461,7;-68,26
380,647;461,7;-68,58
380,968;461,4;-67,99
381,288;461,3;-68,32
381,608;461,5;-68,19
381,929;461,5;-68,37
382,249;461,3;-68,40
382,570;461,6;-68,21
382,890;461,5;-68,19
383,211;461,3;-68,24
383,531;461,7;-68,14
383,851;461,3;-68,44
384,172;461,6;-68,20
384,492;461,7;-68,45
384,813;461,4;-68,21
