;Masse B;;
t;x;y;
0,000;308,5;-147,5
0,320;309,5;-147,9
0,641;307,1;-147,2
0,961;307,6;-148,5
1,282;304,9;-145,9
1,602;304,7;-149,3
1,922;300,4;-150,1
2,243;301,1;-150,2
2,563;298,0;-153,2
2,884;300,3;-156,1
3,204;300,1;-155,8
3,525;300,5;-155,2
3,845;301,4;-154,9
4,165;301,4;-154,7
4,486;301,4;-155,3
4,806;304,4;-155,9
5,127;308,1;-158,0
5,447;308,0;-160,0
5,767;309,0;-159,4
6,088;311,2;-159,5
6,408;312,4;-161,9
6,729;318,4;-164,5
7,049;321,1;-164,3
7,369;324,3;-163,4
7,690;326,8;-168,0
8,010;327,5;-172,6
8,331;323,5;-172,5
8,651;321,2;-177,3
8,971;321,6;-176,6
9,292;321,9;-177,3
9,612;321,9;-178,0
9,933;327,2;-182,3
10,253;326,8;-179,3
10,574;326,8;-179,4
10,894;326,0;-179,5
11,214;326,8;-182,2
11,535;324,0;-181,5
11,855;322,2;-179,8
12,176;324,5;-180,0
12,496;326,8;-180,8
12,816;329,0;-175,1
13,137;329,4;-177,5
13,457;325,5;-180,7
13,778;324,6;-175,8
14,098;326,2;-177,8
14,418;324,0;-176,0
14,739;324,1;-180,6
15,059;321,9;-180,3
15,380;316,6;-180,6
15,700;318,7;-181,3
16,021;321,2;-183,1
16,341;317,2;-184,2
16,661;314,8;-187,9
16,982;316,2;-186,1
17,302;314,1;-185,7
17,623;314,3;-185,7
17,943;314,7;-189,4
18,263;313,6;-189,6
18,584;315,2;-184,1
18,904;313,6;-181,5
19,225;316,1;-178,2
19,545;315,7;-179,0
19,865;317,1;-178,0
20,186;315,4;-173,2
20,506;317,8;-173,2
20,827;315,5;-174,0
21,147;313,2;-171,6
21,467;315,5;-173,2
21,788;316,7;-174,3
22,108;316,4;-179,8
22,429;317,3;-182,8
22,749;319,2;-185,2
23,070;319,8;-183,7
23,390;322,3;-183,6
23,710;321,6;-182,3
24,031;321,3;-182,4
24,351;321,3;-183,2
24,672;319,5;-183,3
24,992;320,0;-183,0
25,312;325,1;-181,3
25,633;322,9;-181,4
25,953;325,1;-181,3
26,274;325,7;-180,5
26,594;323,4;-181,0
26,914;327,3;-181,3
27,235;328,7;-182,4
27,555;327,2;-179,6
27,876;329,0;-177,3
28,196;325,3;-177,5
28,517;328,7;-177,2
28,837;328,2;-173,3
29,157;328,9;-173,9
29,478;328,5;-175,9
29,798;331,5;-177,2
30,119;333,0;-182,5
30,439;328,9;-178,9
30,759;328,2;-178,8
31,080;328,9;-177,3
31,400;332,0;-181,1
31,721;331,7;-180,5
32,041;336,7;-180,0
32,361;341,7;-177,9
32,682;341,7;-177,4
33,002;341,1;-178,3
33,323;341,4;-175,6
33,643;341,4;-174,7
33,963;339,5;-174,4
34,284;335,6;-176,4
34,604;331,7;-176,5
34,925;333,7;-176,2
35,245;332,7;-179,5
35,566;330,8;-180,6
35,886;332,7;-177,0
36,206;332,4;-177,5
36,527;332,7;-179,3
36,847;327,5;-178,4
37,168;328,4;-177,5
37,488;330,1;-174,5
37,808;333,2;-167,4
38,129;334,8;-172,5
38,449;330,0;-175,2
38,770;331,6;-176,9
39,090;329,3;-175,5
39,410;329,9;-176,9
39,731;330,2;-179,0
40,051;329,4;-176,9
40,372;328,9;-176,0
40,692;324,1;-172,8
41,012;324,7;-176,2
41,333;322,0;-172,5
41,653;319,7;-172,2
41,974;319,3;-173,0
42,294;318,7;-174,0
42,615;318,0;-177,9
42,935;316,6;-179,4
43,255;316,0;-179,0
43,576;315,9;-178,5
43,896;317,2;-179,1
44,217;316,2;-181,7
44,537;315,0;-177,7
44,857;321,4;-178,8
45,178;317,8;-175,9
45,498;319,6;-176,4
45,819;323,9;-175,6
46,139;322,0;-177,2
46,459;324,1;-175,4
46,780;326,4;-171,9
47,100;326,5;-171,5
47,421;329,4;-171,3
47,741;332,8;-167,4
48,062;333,8;-166,9
48,382;335,9;-167,8
48,702;333,4;-167,4
49,023;337,4;-167,4
49,343;342,6;-168,0
49,664;342,8;-169,4
49,984;339,4;-169,8
50,304;339,0;-172,9
50,625;337,1;-172,5
50,945;335,9;-170,3
51,266;336,4;-171,3
51,586;337,5;-171,7
51,906;333,6;-171,3
52,227;332,0;-171,1
52,547;337,2;-175,0
52,868;337,4;-174,1
53,188;334,5;-174,9
53,508;330,9;-177,9
53,829;328,9;-176,0
54,149;325,9;-171,5
54,470;325,2;-175,5
54,790;326,2;-171,1
55,111;325,0;-171,3
55,431;327,0;-171,3
55,751;324,8;-172,9
56,072;325,2;-172,4
56,392;324,5;-173,7
56,713;322,5;-175,7
57,033;319,1;-172,0
57,353;317,6;-175,1
57,674;318,7;-173,4
57,994;317,6;-173,5
58,315;318,7;-173,7
58,635;319,5;-173,3
58,955;318,3;-177,0
59,276;320,8;-176,8
59,596;321,6;-173,9
59,917;324,0;-176,9
60,237;324,3;-176,8
60,558;325,2;-179,4
60,878;324,2;-178,9
61,198;324,4;-178,3
61,519;321,9;-175,4
61,839;322,3;-175,9
62,160;325,8;-175,8
62,480;327,7;-175,4
62,800;324,4;-172,1
63,121;322,2;-171,8
63,441;323,4;-176,6
63,762;318,5;-174,2
64,082;321,2;-174,3
64,402;322,0;-173,2
64,723;322,7;-173,7
65,043;323,8;-174,3
65,364;324,0;-178,1
65,684;324,3;-181,3
66,004;323,9;-181,8
66,325;323,9;-184,3
66,645;324,5;-186,2
66,966;323,5;-188,3
67,286;324,1;-186,1
67,607;325,7;-184,1
67,927;324,1;-185,9
68,247;322,8;-183,3
68,568;322,4;-181,8
68,888;326,4;-187,1
69,209;323,4;-186,1
69,529;323,5;-183,4
69,849;326,2;-183,4
70,170;328,4;-182,5
70,490;327,9;-181,7
70,811;328,8;-182,9
71,131;327,3;-181,1
71,451;331,6;-182,6
71,772;334,6;-182,0
72,092;335,3;-184,7
72,413;333,7;-184,4
72,733;336,0;-181,9
73,054;335,9;-179,2
73,374;339,1;-176,0
73,694;341,4;-177,9
74,015;341,7;-178,4
74,335;339,2;-176,9
74,656;336,1;-173,8
74,976;336,2;-174,7
75,296;335,0;-174,5
75,617;338,6;-173,5
75,937;336,1;-175,1
76,258;337,5;-171,4
76,578;336,2;-172,8
76,898;339,2;-171,8
77,219;336,0;-169,9
77,539;338,0;-172,6
77,860;343,1;-172,9
78,180;343,5;-173,0
78,500;341,4;-172,8
78,821;341,6;-172,4
79,141;340,4;-171,8
79,462;337,5;-172,1
79,782;337,8;-172,9
80,103;337,5;-175,0
80,423;340,3;-176,5
80,743;342,8;-176,1
81,064;342,9;-177,7
81,384;344,7;-177,7
81,705;348,2;-180,6
82,025;345,4;-180,2
82,345;344,3;-180,1
82,666;342,9;-174,9
82,986;344,1;-173,2
83,307;350,3;-171,7
83,627;350,9;-172,3
83,947;356,3;-171,9
84,268;354,6;-168,4
84,588;352,1;-169,4
84,909;353,4;-173,4
85,229;352,5;-175,8
85,550;353,5;-178,5
85,870;354,0;-180,4
86,190;355,1;-178,0
86,511;353,6;-179,5
86,831;354,5;-177,8
87,152;356,3;-174,6
87,472;354,1;-174,3
87,792;351,1;-170,8
88,113;350,4;-171,4
88,433;348,6;-172,6
88,754;344,9;-170,7
89,074;342,6;-171,6
89,394;344,2;-169,4
89,715;347,7;-168,5
90,035;347,8;-168,6
90,356;346,0;-168,6
90,676;345,5;-169,7
90,996;349,4;-171,1
91,317;349,4;-168,9
91,637;348,6;-171,5
91,958;346,8;-177,8
92,278;347,0;-176,2
92,599;347,5;-169,7
92,919;343,9;-170,2
93,239;336,5;-168,2
93,560;335,1;-173,0
93,880;333,1;-177,5
94,201;336,1;-176,2
94,521;337,2;-173,8
94,841;337,0;-173,9
95,162;335,6;-170,4
95,482;339,6;-173,3
95,803;338,2;-173,5
96,123;335,0;-173,3
96,443;336,7;-175,6
96,764;340,4;-177,8
97,084;337,3;-178,0
97,405;336,6;-176,8
97,725;334,9;-173,1
98,045;330,1;-173,0
98,366;330,1;-173,4
98,686;326,8;-174,0
99,007;322,9;-172,6
99,327;320,6;-173,6
99,648;319,8;-173,8
99,968;319,2;-173,1
100,288;316,3;-177,4
100,609;314,1;-174,5
100,929;316,7;-172,8
101,250;318,0;-171,5
101,570;321,8;-171,6
101,890;319,7;-170,2
102,211;321,0;-168,7
102,531;321,4;-168,4
102,852;319,1;-170,0
103,172;319,4;-166,6
103,492;319,6;-168,0
103,813;319,1;-168,0
104,133;319,8;-165,0
104,454;319,8;-160,6
104,774;319,6;-159,1
105,095;321,1;-158,9
105,415;319,5;-157,6
105,735;318,2;-160,4
106,056;321,6;-161,5
106,376;320,0;-160,4
106,697;316,9;-159,7
107,017;318,8;-163,2
107,337;321,5;-166,6
107,658;323,9;-168,5
107,978;325,0;-168,5
108,299;325,1;-165,5
108,619;324,7;-165,2
108,939;327,5;-165,7
109,260;328,9;-166,2
109,580;331,3;-161,8
109,901;330,5;-163,2
110,221;330,4;-162,9
110,541;334,5;-165,7
110,862;335,8;-168,4
111,182;337,0;-170,6
111,503;334,7;-173,8
111,823;332,5;-173,5
112,144;332,1;-172,1
112,464;333,3;-171,9
112,784;331,2;-171,8
113,105;333,3;-169,7
113,425;334,8;-169,8
113,746;334,8;-174,7
114,066;333,6;-171,9
114,386;334,3;-173,1
114,707;332,8;-176,3
115,027;333,6;-178,1
115,348;330,9;-177,3
115,668;328,5;-177,9
115,988;324,8;-179,9
116,309;323,6;-183,1
116,629;322,4;-181,1
116,950;320,6;-183,9
117,270;315,5;-184,0
117,591;310,5;-184,6
117,911;305,9;-185,3
118,231;306,8;-187,7
118,552;306,9;-189,7
118,872;305,5;-190,6
119,193;307,5;-189,6
119,513;309,2;-193,9
119,833;309,4;-189,1
120,154;309,7;-189,5
120,474;309,1;-186,6
120,795;309,8;-188,2
121,115;309,5;-181,9
121,435;310,7;-181,8
121,756;313,5;-181,6
122,076;310,0;-179,1
122,397;309,4;-177,7
122,717;308,3;-177,6
123,037;307,8;-173,7
123,358;306,5;-171,0
123,678;309,8;-174,8
123,999;309,8;-176,3
124,319;309,8;-175,2
124,640;307,1;-177,2
124,960;308,0;-175,6
125,280;312,7;-169,5
125,601;312,8;-169,3
125,921;314,4;-170,8
126,242;317,0;-172,4
126,562;312,7;-172,8
126,882;316,6;-173,6
127,203;316,9;-173,5
127,523;319,9;-170,9
127,844;321,2;-172,5
128,164;321,2;-172,1
128,484;324,4;-171,8
128,805;321,9;-174,4
129,125;322,9;-175,0
129,446;321,4;-174,9
129,766;326,1;-173,4
130,087;323,8;-174,3
130,407;323,0;-178,4
130,727;323,7;-182,6
131,048;330,0;-183,0
131,368;326,6;-184,1
131,689;327,0;-183,6
132,009;332,1;-180,8
132,329;331,0;-178,1
132,650;330,8;-176,3
132,970;332,2;-173,7
133,291;333,4;-172,3
133,611;329,7;-172,5
133,931;329,9;-171,8
134,252;331,6;-167,1
134,572;332,6;-170,4
134,893;327,8;-170,2
135,213;329,2;-172,3
135,533;323,5;-174,7
135,854;323,7;-177,6
136,174;325,0;-177,1
136,495;328,5;-176,1
136,815;334,2;-171,8
137,136;331,5;-170,5
137,456;331,6;-171,8
137,776;331,7;-174,8
138,097;333,1;-171,6
138,417;332,0;-171,3
138,738;329,1;-167,8
139,058;325,2;-169,3
139,378;326,1;-170,5
139,699;329,5;-167,1
140,019;329,3;-167,7
140,340;328,1;-167,2
140,660;325,7;-170,0
140,980;324,2;-174,8
141,301;319,3;-172,7
141,621;319,8;-173,3
141,942;321,3;-175,1
142,262;324,5;-172,3
142,583;325,5;-173,1
142,903;328,5;-175,0
143,223;327,0;-175,6
143,544;328,5;-173,5
143,864;328,2;-174,1
144,185;327,5;-173,2
144,505;327,2;-173,4
144,825;327,6;-173,7
145,146;328,7;-170,6
145,466;329,2;-169,5
145,787;331,2;-170,1
146,107;335,6;-173,1
146,427;336,0;-173,3
146,748;337,1;-174,1
147,068;337,4;-169,1
147,389;333,9;-174,0
147,709;335,8;-174,0
148,029;336,8;-175,5
148,350;333,4;-177,6
148,670;333,3;-178,2
148,991;330,2;-180,9
149,311;324,4;-180,7
149,632;325,4;-180,0
149,952;326,0;-176,3
150,272;327,9;-174,1
150,593;327,2;-174,9
150,913;325,7;-175,6
151,234;333,7;-176,6
151,554;331,8;-180,0
151,874;333,2;-178,4
152,195;333,4;-180,8
152,515;331,6;-176,2
152,836;330,1;-174,5
153,156;329,8;-174,3
153,476;330,2;-174,8
153,797;332,2;-175,5
154,117;331,7;-176,7
154,438;333,3;-180,7
154,758;331,4;-182,0
155,079;330,6;-184,0
155,399;330,1;-185,4
155,719;331,6;-183,1
156,040;332,4;-182,6
156,360;333,3;-182,3
156,681;334,3;-183,4
157,001;332,7;-182,9
157,321;333,8;-182,1
157,642;329,9;-183,0
157,962;327,0;-184,4
158,283;326,9;-186,7
158,603;327,0;-184,7
158,923;322,7;-180,4
159,244;322,9;-180,0
159,564;319,8;-179,5
159,885;321,6;-182,2
160,205;328,5;-182,8
160,525;331,4;-185,3
160,846;332,0;-185,2
161,166;327,7;-185,4
161,487;327,7;-185,3
161,807;326,2;-185,0
162,128;322,9;-185,1
162,448;321,0;-185,3
162,768;320,3;-187,3
163,089;316,2;-186,5
163,409;318,2;-183,7
163,730;317,5;-183,0
164,050;312,7;-183,6
164,370;310,0;-184,4
164,691;310,4;-183,0
165,011;312,9;-179,7
165,332;315,7;-177,3
165,652;319,1;-179,8
165,972;318,4;-179,9
166,293;320,3;-179,9
166,613;322,0;-181,8
166,934;325,6;-182,4
167,254;328,2;-184,2
167,574;328,5;-181,6
167,895;327,6;-180,3
168,215;326,4;-181,2
168,536;328,6;-182,2
168,856;335,1;-180,6
169,177;334,5;-180,4
169,497;339,2;-178,5
169,817;338,9;-176,7
170,138;338,7;-177,6
170,458;335,1;-176,6
170,779;333,2;-178,2
171,099;332,8;-175,9
171,419;333,6;-179,4
171,740;331,7;-179,7
172,060;330,9;-177,9
172,381;328,8;-178,1
172,701;327,3;-181,9
173,021;328,2;-181,7
173,342;329,4;-181,7
173,662;326,4;-183,8
173,983;326,0;-182,8
174,303;330,5;-182,6
174,624;330,4;-178,1
174,944;330,9;-176,7
175,264;332,0;-177,1
175,585;330,3;-177,3
175,905;331,0;-178,4
176,226;330,8;-176,9
176,546;330,5;-174,4
176,866;327,2;-173,2
177,187;329,3;-170,3
177,507;329,3;-177,3
177,828;328,7;-177,9
178,148;332,6;-178,7
178,468;332,9;-172,9
178,789;338,3;-178,8
179,109;333,2;-177,4
179,430;329,6;-177,5
179,750;326,1;-177,9
180,070;327,6;-177,0
180,391;326,2;-173,3
180,711;326,2;-174,8
181,032;328,5;-175,3
181,352;330,8;-171,4
181,673;330,0;-172,8
181,993;327,9;-172,6
182,313;330,3;-176,3
182,634;331,3;-174,7
182,954;332,1;-175,6
183,275;333,1;-175,9
183,595;333,2;-177,4
183,915;336,9;-179,1
184,236;336,1;-175,4
184,556;335,5;-177,9
184,877;334,1;-178,8
185,197;332,4;-177,5
185,517;336,6;-177,8
185,838;336,1;-178,7
186,158;333,3;-179,9
186,479;335,6;-177,8
186,799;335,9;-178,0
187,120;335,1;-178,1
187,440;334,2;-176,4
187,760;333,3;-176,8
188,081;334,3;-178,2
188,401;333,5;-175,7
188,722;335,6;-177,6
189,042;333,0;-179,0
189,362;333,6;-175,5
189,683;333,4;-175,5
190,003;332,4;-175,9
190,324;334,0;-174,4
190,644;333,9;-174,9
190,964;332,4;-170,8
191,285;333,9;-171,4
191,605;331,4;-173,4
191,926;330,0;-176,5
192,246;333,7;-176,3
192,566;334,0;-179,2
192,887;334,0;-178,1
193,207;333,6;-178,6
193,528;340,3;-175,4
193,848;338,2;-176,1
194,169;339,3;-178,2
194,489;342,4;-179,1
194,809;338,4;-178,8
195,130;334,3;-176,8
195,450;332,6;-172,9
195,771;329,8;-174,0
196,091;331,4;-174,0
196,411;333,5;-172,7
196,732;333,9;-171,9
197,052;339,3;-172,9
197,373;337,6;-172,1
197,693;338,9;-171,2
198,013;333,6;-174,7
198,334;331,3;-174,3
198,654;336,6;-179,3
198,975;334,9;-176,8
199,295;330,5;-178,0
199,616;328,0;-173,8
199,936;326,6;-173,2
200,256;327,9;-174,6
200,577;330,0;-174,6
200,897;329,8;-175,4
201,218;330,7;-177,2
201,538;325,7;-177,3
201,858;320,8;-176,2
202,179;318,4;-175,1
202,499;314,5;-175,8
202,820;313,9;-171,8
203,140;314,0;-173,7
203,460;316,0;-175,2
203,781;316,9;-176,3
204,101;317,6;-176,0
204,422;317,6;-175,0
204,742;320,2;-173,9
205,062;325,1;-174,6
205,383;325,3;-174,8
205,703;325,2;-176,0
206,024;324,9;-175,6
206,344;323,1;-179,5
206,665;322,1;-181,4
206,985;317,2;-180,0
207,305;319,2;-183,7
207,626;318,3;-181,3
207,946;315,8;-182,7
208,267;316,2;-183,0
208,587;313,6;-181,7
208,907;315,3;-182,1
209,228;322,2;-180,7
209,548;319,6;-178,9
209,869;319,5;-179,0
210,189;316,4;-178,4
210,509;314,2;-180,8
210,830;318,4;-178,9
211,150;318,6;-181,5
211,471;316,7;-184,9
211,791;319,3;-182,7
212,112;323,0;-178,5
212,432;323,6;-179,6
212,752;323,2;-179,4
213,073;328,4;-176,6
213,393;323,6;-173,3
213,714;323,7;-175,6
214,034;324,3;-179,7
214,354;326,5;-180,4
214,675;328,6;-183,1
214,995;326,7;-182,0
215,316;330,5;-182,7
215,636;330,7;-183,3
215,956;329,0;-180,7
216,277;326,3;-181,8
216,597;326,9;-180,1
216,918;328,6;-182,4
217,238;325,1;-185,8
217,558;327,2;-186,8
217,879;327,1;-185,6
218,199;328,7;-182,9
218,520;328,2;-183,3
218,840;329,3;-181,7
219,161;330,7;-179,7
219,481;330,4;-175,8
219,801;329,7;-176,8
220,122;327,2;-174,2
220,442;325,5;-173,9
220,763;328,3;-173,5
221,083;324,8;-173,4
221,403;323,7;-171,7
221,724;320,2;-169,7
222,044;324,5;-171,2
222,365;323,9;-174,1
222,685;324,0;-172,6
223,005;324,9;-171,3
223,326;324,7;-172,7
223,646;323,4;-172,4
223,967;323,5;-174,4
224,287;324,6;-174,0
224,607;325,9;-174,7
224,928;327,5;-174,1
225,248;330,3;-174,9
225,569;330,5;-173,1
225,889;329,5;-171,3
226,210;329,3;-168,4
226,530;331,6;-168,7
226,850;330,2;-168,1
227,171;329,8;-168,9
227,491;330,7;-171,4
227,812;329,2;-174,1
228,132;332,5;-173,4
228,452;332,8;-173,4
228,773;334,4;-173,7
229,093;331,5;-173,8
229,414;329,8;-171,3
229,734;328,9;-171,9
230,054;330,5;-173,5
230,375;324,4;-172,2
230,695;320,4;-175,0
231,016;324,7;-176,6
231,336;325,7;-179,0
231,657;324,7;-177,7
231,977;326,2;-180,8
232,297;325,4;-180,5
232,618;325,0;-184,1
232,938;330,1;-181,5
233,259;330,0;-178,5
233,579;328,9;-177,3
233,899;326,6;-180,6
234,220;324,2;-178,6
234,540;328,4;-176,7
234,861;324,2;-176,4
235,181;318,4;-172,7
235,501;321,6;-174,6
235,822;320,7;-174,9
236,142;323,0;-176,2
236,463;322,9;-173,3
236,783;319,2;-171,0
237,103;316,3;-168,9
237,424;318,2;-167,7
237,744;323,7;-165,0
238,065;324,1;-164,9
238,385;318,5;-163,8
238,706;318,2;-158,0
239,026;319,4;-161,3
239,346;319,2;-164,2
239,667;324,2;-162,6
239,987;324,7;-161,0
240,308;326,6;-162,2
240,628;332,7;-162,7
240,948;328,9;-166,7
241,269;330,4;-166,0
241,589;333,0;-169,0
241,910;330,2;-169,1
242,230;328,2;-170,8
242,550;332,2;-173,5
242,871;333,7;-173,4
243,191;338,2;-175,4
243,512;340,4;-173,8
243,832;340,1;-175,8
244,153;337,4;-177,8
244,473;337,9;-175,8
244,793;338,0;-173,5
245,114;337,3;-173,0
245,434;335,6;-173,6
245,755;339,9;-173,0
246,075;342,3;-173,8
246,395;341,4;-173,9
246,716;343,1;-170,7
247,036;343,9;-171,9
247,357;346,2;-170,0
247,677;345,0;-167,2
247,997;342,3;-164,8
248,318;344,9;-163,9
248,638;350,6;-164,1
248,959;347,6;-167,0
249,279;349,9;-166,9
249,599;350,4;-170,2
249,920;350,1;-170,8
250,240;350,1;-171,6
250,561;350,0;-174,8
250,881;348,5;-178,9
251,202;350,4;-176,8
251,522;350,1;-176,4
251,842;355,0;-180,3
252,163;352,1;-181,4
252,483;353,1;-180,1
252,804;352,8;-179,4
253,124;352,2;-177,9
253,444;353,3;-174,4
253,765;353,7;-177,3
254,085;354,5;-174,2
254,406;351,0;-172,1
254,726;352,9;-172,8
255,046;350,1;-170,2
255,367;351,1;-167,5
255,687;351,7;-164,2
256,008;353,3;-163,9
256,328;353,6;-161,4
256,649;353,9;-163,1
256,969;354,6;-164,4
257,289;356,6;-163,5
257,610;356,4;-163,6
257,930;355,4;-167,8
258,251;356,5;-173,1
258,571;359,9;-172,6
258,891;359,1;-172,2
259,212;361,9;-168,5
259,532;364,1;-170,4
259,853;362,2;-172,1
260,173;361,6;-170,8
260,493;362,5;-169,2
260,814;364,7;-165,7
261,134;366,7;-162,9
261,455;362,2;-165,1
261,775;362,6;-164,7
262,095;366,0;-162,5
262,416;362,7;-166,7
262,736;362,2;-167,5
263,057;360,8;-170,5
263,377;360,6;-170,4
263,698;359,1;-168,2
264,018;360,8;-170,5
264,338;359,8;-169,6
264,659;351,3;-169,8
264,979;351,3;-170,3
265,300;350,1;-171,7
265,620;346,9;-170,3
265,940;342,6;-168,2
266,261;344,8;-169,7
266,581;347,5;-171,9
266,902;346,4;-172,0
267,222;347,7;-171,2
267,542;349,7;-167,1
267,863;349,7;-170,9
268,183;347,8;-171,9
268,504;348,9;-171,5
268,824;345,6;-172,8
269,145;346,7;-176,4
269,465;348,7;-179,8
269,785;349,3;-180,6
270,106;350,9;-179,9
270,426;350,6;-175,9
270,747;356,0;-177,8
271,067;359,7;-176,6
271,387;363,3;-174,5
271,708;362,1;-179,1
272,028;362,2;-179,4
272,349;361,9;-179,8
272,669;363,3;-181,1
272,989;363,3;-182,1
273,310;368,7;-176,2
273,630;366,5;-176,0
273,951;363,0;-174,8
274,271;362,2;-176,7
274,591;365,0;-177,2
274,912;365,3;-177,9
275,232;364,4;-176,3
275,553;364,6;-175,1
275,873;364,6;-172,8
276,194;367,0;-173,1
276,514;368,1;-178,2
276,834;368,2;-175,3
277,155;365,6;-173,5
277,475;366,0;-176,8
277,796;368,7;-176,1
278,116;366,2;-178,5
278,436;366,4;-178,7
278,757;364,7;-179,1
279,077;364,5;-177,2
279,398;363,5;-174,0
279,718;359,5;-172,0
280,038;358,3;-172,2
280,359;356,5;-172,8
280,679;359,5;-173,5
281,000;360,8;-167,1
281,320;364,2;-164,5
281,640;369,1;-165,1
281,961;370,3;-165,2
282,281;372,9;-165,9
282,602;371,8;-165,7
282,922;375,7;-165,9
283,243;376,2;-164,3
283,563;378,0;-166,1
283,883;376,0;-169,2
284,204;379,4;-165,9
284,524;380,5;-162,8
284,845;376,7;-158,0
285,165;374,5;-154,0
285,485;374,3;-154,8
285,806;378,2;-153,5
286,126;380,7;-153,4
286,447;381,9;-152,6
286,767;381,4;-149,4
287,087;379,9;-148,3
287,408;378,6;-145,5
287,728;380,7;-142,3
288,049;383,7;-143,5
288,369;382,8;-144,4
288,690;384,6;-142,4
289,010;385,0;-146,0
289,330;384,1;-144,4
289,651;381,0;-143,2
289,971;378,3;-147,1
290,292;381,6;-147,2
290,612;379,3;-150,2
290,932;378,9;-148,9
291,253;380,9;-147,6
291,573;382,6;-145,4
291,894;382,6;-146,8
292,214;380,3;-143,8
292,534;380,6;-145,1
292,855;384,5;-145,4
293,175;387,5;-147,5
293,496;388,4;-145,8
293,816;388,4;-145,1
294,136;389,5;-144,3
294,457;387,9;-145,9
294,777;386,6;-148,4
295,098;388,2;-146,4
295,418;388,1;-150,6
295,739;387,7;-145,3
296,059;384,8;-147,1
296,379;387,1;-148,0
296,700;386,8;-147,9
297,020;384,4;-148,2
297,341;380,2;-145,0
297,661;377,2;-144,2
297,981;377,9;-140,7
298,302;380,7;-140,1
298,622;380,4;-139,6
298,943;383,6;-142,6
299,263;379,8;-144,5
299,583;381,5;-145,4
299,904;379,5;-151,3
300,224;378,0;-150,8
300,545;374,5;-148,0
300,865;375,5;-148,5
301,186;378,5;-146,6
301,506;381,3;-144,5
301,826;379,4;-144,1
302,147;381,0;-142,3
302,467;380,6;-141,6
302,788;382,3;-140,2
303,108;383,3;-144,0
303,428;381,8;-144,9
303,749;384,1;-148,8
304,069;383,4;-149,0
304,390;381,9;-145,5
304,710;381,5;-144,7
305,030;382,6;-143,8
305,351;382,5;-141,0
305,671;382,5;-140,3
305,992;380,3;-136,6
306,312;374,4;-138,6
306,632;370,2;-137,0
306,953;371,3;-133,3
307,273;373,2;-133,8
307,594;378,0;-137,3
307,914;380,2;-137,6
308,235;380,6;-132,8
308,555;378,8;-132,4
308,875;375,4;-130,6
309,196;378,3;-128,6
309,516;377,3;-125,9
309,837;377,4;-125,6
310,157;382,2;-128,0
310,477;386,4;-129,2
310,798;387,9;-134,4
311,118;386,9;-134,9
311,439;388,4;-137,2
311,759;388,5;-139,2
312,079;392,2;-142,5
312,400;391,4;-139,6
312,720;391,8;-136,3
313,041;391,7;-136,4
313,361;392,8;-137,9
313,682;394,0;-135,7
314,002;394,0;-134,8
314,322;390,3;-133,4
314,643;388,3;-133,8
314,963;385,5;-131,2
315,284;387,2;-133,0
315,604;386,8;-135,3
315,924;385,4;-134,5
316,245;385,7;-131,7
316,565;384,1;-133,3
316,886;383,5;-131,4
317,206;382,2;-131,8
317,526;382,4;-133,1
317,847;384,6;-132,7
318,167;384,6;-131,9
318,488;383,9;-131,8
318,808;383,9;-133,7
319,128;383,7;-137,8
319,449;380,8;-135,4
319,769;381,0;-133,7
320,090;381,3;-133,8
320,410;380,9;-133,6
320,731;380,1;-132,2
321,051;385,5;-136,2
321,371;385,1;-140,4
321,692;381,3;-141,1
322,012;380,6;-142,3
322,333;383,2;-141,6
322,653;384,3;-143,3
322,973;380,4;-140,2
323,294;380,1;-140,5
323,614;383,8;-138,2
323,935;387,9;-135,0
324,255;386,5;-132,0
324,575;388,3;-130,8
324,896;388,9;-130,0
325,216;388,2;-130,8
325,537;388,6;-130,2
325,857;388,8;-129,6
326,178;388,3;-132,1
326,498;384,3;-132,0
326,818;384,5;-133,6
327,139;384,6;-131,5
327,459;384,7;-130,1
327,780;381,7;-127,6
328,100;379,3;-125,0
328,420;380,1;-124,2
328,741;385,3;-127,3
329,061;388,4;-125,9
329,382;387,7;-124,9
329,702;386,0;-124,4
330,022;387,0;-126,7
330,343;390,5;-130,7
330,663;387,3;-126,0
330,984;388,6;-128,2
331,304;389,4;-128,3
331,624;392,7;-126,7
331,945;388,2;-129,8
332,265;382,2;-132,3
332,586;377,6;-134,0
332,906;382,0;-135,1
333,227;383,7;-137,3
333,547;384,0;-139,4
333,867;383,7;-137,5
334,188;383,9;-139,6
334,508;380,5;-139,2
334,829;376,2;-143,3
335,149;372,2;-143,9
335,469;373,4;-145,5
335,790;372,8;-143,7
336,110;368,6;-143,0
336,431;369,8;-143,9
336,751;367,1;-150,0
337,071;367,4;-149,7
337,392;366,4;-150,6
337,712;366,2;-147,3
338,033;364,1;-147,0
338,353;365,9;-146,2
338,674;368,0;-149,9
338,994;373,0;-152,4
339,314;371,2;-151,5
339,635;369,8;-151,5
339,955;373,6;-154,5
340,276;375,5;-153,5
340,596;372,6;-156,4
340,916;370,6;-153,2
341,237;369,1;-152,8
341,557;370,2;-154,4
341,878;369,9;-151,9
342,198;369,5;-151,4
342,518;370,8;-149,4
342,839;368,5;-150,0
343,159;369,6;-144,9
343,480;368,4;-150,7
343,800;370,8;-150,7
344,120;371,6;-149,6
344,441;375,0;-147,2
344,761;372,8;-145,6
345,082;374,1;-149,7
345,402;369,6;-147,4
345,723;375,2;-145,1
346,043;374,6;-143,8
346,363;374,1;-140,9
346,684;370,0;-143,9
347,004;367,5;-141,8
347,325;369,2;-142,8
347,645;367,6;-146,8
347,965;369,0;-146,9
348,286;375,9;-149,7
348,606;375,8;-145,3
348,927;376,2;-143,5
349,247;378,5;-146,5
349,567;382,7;-147,1
349,888;384,8;-148,4
350,208;382,5;-149,6
350,529;383,2;-148,6
350,849;382,1;-146,9
351,169;383,7;-144,8
351,490;386,9;-143,0
351,810;388,2;-139,1
352,131;390,2;-137,2
352,451;389,8;-138,7
352,772;392,2;-138,0
353,092;392,0;-136,9
353,412;392,1;-136,5
353,733;392,3;-138,3
354,053;392,6;-134,4
354,374;396,5;-134,1
354,694;396,8;-134,7
355,014;398,3;-137,5
355,335;400,5;-135,0
355,655;404,1;-138,5
355,976;405,0;-136,5
356,296;405,6;-136,2
356,616;408,4;-136,5
356,937;407,6;-138,8
357,257;410,8;-141,9
357,578;408,4;-141,3
357,898;411,3;-139,4
358,219;414,6;-140,0
358,539;416,9;-138,6
358,859;416,5;-140,8
359,180;415,7;-144,1
359,500;417,3;-143,4
359,821;418,5;-141,6
360,141;416,9;-138,8
360,461;419,5;-137,8
360,782;421,3;-136,0
361,102;421,6;-135,4
361,423;419,9;-136,2
361,743;421,8;-137,4
362,063;425,4;-135,7
362,384;429,8;-134,9
362,704;430,3;-129,8
363,025;429,4;-128,9
363,345;431,7;-128,6
363,665;429,9;-127,9
363,986;431,9;-130,2
364,306;433,1;-130,5
364,627;431,8;-129,8
364,947;431,4;-131,6
365,268;434,7;-130,3
365,588;434,5;-127,7
365,908;434,7;-124,2
366,229;433,7;-127,0
366,549;563,8;-107,1
366,870;562,6;-105,7
367,190;437,3;-124,8
367,510;435,3;-123,8
367,831;437,3;-124,8
368,151;436,3;-126,5
368,472;438,8;-127,0
368,792;441,6;-127,1
369,112;441,2;-125,9
369,433;443,2;-127,4
369,753;443,3;-125,2
370,074;441,0;-126,7
370,394;442,1;-127,7
370,715;442,5;-127,4
