;Masse C;;
t;x;y;
0,000;-222,9;-367,9
0,320;-223,8;-370,6
0,641;-222,4;-372,3
0,961;-218,1;-372,1
1,282;-218,3;-373,6
1,602;-221,2;-374,8
1,922;-220,4;-374,6
2,243;-222,6;-377,4
2,563;-226,7;-377,1
2,884;-228,0;-376,5
3,204;-231,2;-377,8
3,525;-229,4;-376,1
3,845;-231,4;-370,7
4,165;-233,7;-373,9
4,486;-234,5;-377,4
4,806;-231,8;-377,9
5,127;-232,2;-380,3
5,447;-230,9;-382,6
5,767;-231,8;-380,3
6,088;-229,9;-380,3
6,408;-227,9;-382,1
6,729;-227,8;-382,3
7,049;-227,8;-382,7
7,369;-227,8;-382,9
7,690;-229,6;-385,4
8,010;-225,4;-386,9
8,331;-225,5;-384,7
8,651;-227,3;-382,9
8,971;-226,5;-380,3
9,292;-230,0;-384,6
9,612;-229,8;-385,7
9,933;-230,7;-382,3
10,253;-226,8;-383,8
10,574;-226,9;-381,8
10,894;-225,1;-379,1
11,214;-224,1;-384,8
11,535;-224,6;-382,1
11,855;-226,0;-385,1
12,176;-224,0;-384,3
12,496;-223,8;-381,7
12,816;-225,5;-377,8
13,137;-227,3;-380,0
13,457;-230,6;-380,9
13,778;-231,1;-381,7
14,098;-232,1;-385,2
14,418;-232,1;-386,6
14,739;-230,6;-384,8
15,059;-229,8;-385,0
15,380;-228,3;-385,1
15,700;-231,4;-388,8
16,021;-231,9;-389,0
16,341;-235,2;-385,4
16,661;-231,9;-388,7
16,982;-233,8;-389,8
17,302;-236,6;-391,4
17,623;-236,5;-394,0
17,943;-235,9;-393,6
18,263;-232,0;-390,6
18,584;-229,8;-386,9
18,904;-230,3;-387,4
19,225;-229,2;-385,8
19,545;-229,6;-382,8
19,865;-231,6;-384,3
20,186;-228,8;-385,1
20,506;-230,3;-385,0
20,827;-232,4;-386,6
21,147;-233,9;-389,0
21,467;-232,7;-392,6
21,788;-232,8;-396,8
22,108;-235,6;-395,7
22,429;-235,5;-392,5
22,749;-231,5;-389,5
23,070;-229,9;-391,3
23,390;-232,3;-389,8
23,710;-230,1;-390,9
24,031;-232,1;-389,9
24,351;-229,7;-390,7
24,672;-232,1;-394,2
24,992;-231,4;-393,5
25,312;-226,7;-395,4
25,633;-223,6;-393,7
25,953;-223,2;-393,8
26,274;-223,2;-394,1
26,594;-221,7;-393,6
26,914;-219,7;-391,9
27,235;-223,3;-392,5
27,555;-221,4;-394,7
27,876;-217,6;-397,4
28,196;-219,7;-396,5
28,517;-217,7;-395,4
28,837;-214,4;-394,6
29,157;-214,7;-392,5
29,478;-215,4;-391,3
29,798;-217,4;-386,9
30,119;-217,1;-387,0
30,439;-214,2;-388,6
30,759;-210,0;-389,6
31,080;-208,8;-388,7
31,400;-207,1;-386,0
31,721;-208,6;-385,7
32,041;-208,8;-388,2
32,361;-208,1;-388,4
32,682;-209,1;-388,5
33,002;-209,7;-387,4
33,323;-210,4;-385,7
33,643;-211,7;-383,7
33,963;-214,0;-383,4
34,284;-214,0;-381,6
34,604;-213,8;-382,1
34,925;-215,4;-380,1
35,245;-213,5;-377,3
35,566;-210,8;-374,9
35,886;-213,4;-378,4
36,206;-213,3;-380,8
36,527;-213,3;-382,5
36,847;-212,8;-381,1
37,168;-209,6;-377,1
37,488;-209,8;-377,0
37,808;-211,4;-371,1
38,129;-210,0;-371,2
38,449;-212,6;-372,9
38,770;-215,4;-370,5
39,090;-212,5;-369,3
39,410;-212,2;-368,7
39,731;-213,1;-369,0
40,051;-215,9;-372,1
40,372;-214,1;-370,2
40,692;-214,8;-371,4
41,012;-213,8;-372,3
41,333;-214,6;-371,7
41,653;-218,7;-372,2
41,974;-223,8;-367,3
42,294;-222,6;-368,5
42,615;-223,0;-368,6
42,935;-219,6;-370,2
43,255;-217,3;-370,2
43,576;-216,9;-369,9
43,896;-217,1;-373,0
44,217;-214,5;-377,7
44,537;-215,5;-381,2
44,857;-214,6;-380,5
45,178;-213,0;-381,0
45,498;-216,9;-382,1
45,819;-220,3;-383,2
46,139;-222,2;-381,3
46,459;-226,2;-383,4
46,780;-224,2;-382,6
47,100;-224,4;-382,0
47,421;-224,3;-386,7
47,741;-223,6;-382,3
48,062;-223,6;-383,4
48,382;-222,2;-381,2
48,702;-219,4;-378,9
49,023;-221,3;-379,0
49,343;-220,4;-380,5
49,664;-222,0;-377,0
49,984;-220,0;-381,7
50,304;-221,3;-380,7
50,625;-219,8;-379,4
50,945;-218,1;-379,0
51,266;-214,2;-379,0
51,586;-217,6;-378,1
51,906;-219,3;-378,6
52,227;-222,0;-377,5
52,547;-224,7;-377,8
52,868;-224,7;-379,9
53,188;-225,2;-379,5
53,508;-224,8;-381,2
53,829;-222,3;-381,4
54,149;-219,7;-381,2
54,470;-222,3;-380,4
54,790;-224,7;-379,9
55,111;-221,9;-378,5
55,431;-222,8;-378,2
55,751;-223,2;-381,2
56,072;-224,7;-384,1
56,392;-223,8;-383,9
56,713;-223,2;-382,9
57,033;-218,7;-383,5
57,353;-218,4;-382,6
57,674;-221,7;-383,4
57,994;-222,7;-384,6
58,315;-220,4;-380,0
58,635;-220,6;-378,2
58,955;-221,5;-379,6
59,276;-221,4;-380,2
59,596;-218,5;-378,4
59,917;-218,7;-376,1
60,237;-215,8;-375,7
60,558;-218,5;-377,0
60,878;-222,6;-374,1
61,198;-224,3;-373,5
61,519;-225,1;-370,5
61,839;-227,0;-369,7
62,160;-228,0;-366,2
62,480;-227,9;-366,1
62,800;-229,0;-364,6
63,121;-226,7;-367,3
63,441;-227,9;-366,4
63,762;-227,7;-366,5
64,082;-227,0;-366,8
64,402;-225,5;-366,8
64,723;-224,4;-366,5
65,043;-223,1;-367,0
65,364;-224,3;-365,3
65,684;-221,5;-362,9
66,004;-217,7;-365,2
66,325;-215,7;-365,2
66,645;-215,1;-367,0
66,966;-215,6;-368,2
67,286;-216,1;-369,1
67,607;-214,2;-365,2
67,927;-212,0;-360,1
68,247;-212,5;-359,1
68,568;-211,0;-357,3
68,888;-210,2;-353,4
69,209;-209,7;-353,9
69,529;-208,8;-354,1
69,849;-211,1;-354,2
70,170;-214,7;-353,5
70,490;-214,7;-355,7
70,811;-213,0;-359,7
71,131;-211,6;-360,2
71,451;-211,0;-362,1
71,772;-212,2;-364,6
72,092;-210,5;-364,5
72,413;-214,3;-363,8
72,733;-213,2;-367,1
73,054;-214,8;-365,9
73,374;-213,7;-368,3
73,694;-214,3;-367,5
74,015;-214,3;-368,3
74,335;-216,9;-367,1
74,656;-219,0;-369,9
74,976;-218,6;-372,8
75,296;-218,2;-376,2
75,617;-217,5;-375,9
75,937;-216,7;-376,8
76,258;-219,8;-375,1
76,578;-222,6;-373,7
76,898;-216,7;-371,4
77,219;-216,2;-372,0
77,539;-213,5;-370,9
77,860;-213,8;-370,6
78,180;-211,5;-372,4
78,500;-211,7;-374,3
78,821;-213,3;-377,3
79,141;-215,1;-374,7
79,462;-219,5;-373,7
79,782;-222,5;-374,7
80,103;-222,8;-377,1
80,423;-224,0;-376,3
80,743;-222,7;-377,2
81,064;-222,0;-381,5
81,384;-221,0;-380,3
81,705;-220,4;-379,6
82,025;-218,4;-380,4
82,345;-219,7;-379,0
82,666;-223,7;-380,4
82,986;-221,5;-380,7
83,307;-221,3;-381,5
83,627;-220,3;-376,5
83,947;-222,3;-374,1
84,268;-222,1;-373,8
84,588;-222,2;-371,8
84,909;-222,8;-371,1
85,229;-218,4;-370,0
85,550;-222,0;-369,6
85,870;-221,6;-366,7
86,190;-220,3;-367,1
86,511;-221,4;-364,8
86,831;-219,9;-363,2
87,152;-220,1;-363,4
87,472;-221,7;-362,5
87,792;-222,7;-359,2
88,113;-220,6;-357,5
88,433;-224,0;-358,0
88,754;-221,3;-357,5
89,074;-221,1;-359,7
89,394;-219,9;-360,0
89,715;-219,6;-362,3
90,035;-216,9;-360,2
90,356;-218,0;-363,5
90,676;-213,9;-364,5
90,996;-214,2;-363,7
91,317;-214,2;-361,1
91,637;-213,5;-358,1
91,958;-211,5;-358,7
92,278;-208,9;-357,5
92,599;-208,3;-356,2
92,919;-211,2;-354,9
93,239;-208,2;-354,5
93,560;-204,5;-354,4
93,880;-202,0;-352,2
94,201;-197,9;-348,6
94,521;-200,4;-348,0
94,841;-197,5;-348,4
95,162;-196,5;-347,0
95,482;-200,1;-342,8
95,803;-201,4;-340,3
96,123;-199,6;-339,2
96,443;-199,0;-340,9
96,764;-199,3;-340,7
97,084;-203,2;-340,4
97,405;-202,9;-340,5
97,725;-200,7;-339,4
98,045;-200,9;-341,0
98,366;-200,9;-343,2
98,686;-198,8;-342,6
99,007;-201,0;-339,8
99,327;-202,4;-338,3
99,648;-204,9;-336,0
99,968;-205,8;-332,1
100,288;-204,8;-335,2
100,609;-204,3;-337,2
100,929;-206,4;-338,9
101,250;-205,2;-340,3
101,570;-204,4;-336,4
101,890;-202,0;-333,3
102,211;-205,3;-331,0
102,531;-205,3;-331,1
102,852;-205,4;-326,0
103,172;-206,0;-326,7
103,492;-205,3;-328,1
103,813;-206,1;-327,4
104,133;-205,6;-327,0
104,454;-205,8;-324,6
104,774;-210,1;-326,7
105,095;-216,0;-325,4
105,415;-218,0;-325,3
105,735;-219,3;-325,3
106,056;-218,0;-324,6
106,376;-218,0;-323,2
106,697;-215,6;-319,4
107,017;-216,2;-315,9
107,337;-216,2;-318,8
107,658;-215,9;-319,1
107,978;-217,6;-322,1
108,299;-221,9;-321,6
108,619;-221,9;-321,7
108,939;-222,1;-321,5
109,260;-221,5;-323,8
109,580;-221,4;-321,9
109,901;-222,9;-321,7
110,221;-223,4;-322,2
110,541;-226,0;-322,7
110,862;-227,3;-322,0
111,182;-226,1;-326,8
111,503;-225,1;-328,2
111,823;-222,4;-327,7
112,144;-225,3;-327,4
112,464;-225,1;-325,6
112,784;-227,7;-322,2
113,105;-227,2;-319,9
113,425;-223,4;-320,7
113,746;-223,7;-320,1
114,066;-223,0;-318,0
114,386;-219,8;-319,4
114,707;-222,3;-318,0
115,027;-220,1;-315,0
115,348;-220,0;-320,0
115,668;-218,4;-320,5
115,988;-221,5;-318,4
116,309;-221,9;-317,1
116,629;-216,9;-314,7
116,950;-219,9;-315,6
117,270;-219,4;-314,1
117,591;-215,4;-315,6
117,911;-212,3;-317,7
118,231;-214,5;-319,4
118,552;-212,5;-316,9
118,872;-209,9;-313,2
119,193;-209,2;-315,3
119,513;-206,0;-313,3
119,833;-204,5;-312,0
120,154;-205,3;-314,0
120,474;-203,6;-313,1
120,795;-206,8;-315,2
121,115;-205,4;-319,8
121,435;-204,5;-318,6
121,756;-207,2;-319,5
122,076;-207,5;-323,4
122,397;-208,5;-322,4
122,717;-211,9;-324,5
123,037;-209,7;-327,8
123,358;-209,3;-327,0
123,678;-206,3;-325,3
123,999;-209,0;-324,6
124,319;-208,7;-326,1
124,640;-210,8;-326,7
124,960;-214,0;-323,2
125,280;-215,7;-322,7
125,601;-215,0;-322,2
125,921;-214,9;-318,7
126,242;-211,8;-319,8
126,562;-209,8;-321,1
126,882;-209,8;-320,3
127,203;-212,9;-320,6
127,523;-213,1;-320,5
127,844;-214,0;-322,8
128,164;-214,1;-324,3
128,484;-217,8;-325,6
128,805;-220,8;-323,6
129,125;-221,2;-326,7
129,446;-224,2;-327,3
129,766;-225,1;-327,4
130,087;-230,7;-326,0
130,407;-228,3;-326,4
130,727;-231,0;-328,3
131,048;-232,0;-331,1
131,368;-234,5;-331,1
131,689;-237,3;-333,1
132,009;-240,1;-331,4
132,329;-239,5;-331,1
132,650;-241,0;-328,1
132,970;-242,5;-325,9
133,291;-244,3;-324,3
133,611;-243,5;-323,3
133,931;-246,2;-322,0
134,252;-248,8;-320,6
134,572;-250,1;-322,7
134,893;-250,5;-322,2
135,213;-251,0;-321,6
135,533;-251,6;-320,1
135,854;-252,9;-319,7
136,174;-252,8;-319,7
136,495;-258,0;-319,7
136,815;-259,6;-316,4
137,136;-262,0;-315,4
137,456;-262,5;-317,0
137,776;-262,4;-315,2
138,097;-262,2;-316,0
138,417;-260,8;-313,8
138,738;-259,0;-312,1
139,058;-259,7;-315,9
139,378;-258,7;-318,4
139,699;-260,7;-321,0
140,019;-260,0;-324,3
140,340;-261,7;-326,2
140,660;-263,0;-323,1
140,980;-260,5;-323,5
141,301;-262,0;-325,1
141,621;-263,7;-324,2
141,942;-263,2;-326,3
142,262;-260,1;-326,1
142,583;-260,1;-324,8
142,903;-257,6;-323,6
143,223;-259,2;-322,4
143,544;-258,0;-320,3
143,864;-258,4;-322,1
144,185;-255,7;-323,8
144,505;-254,9;-325,1
144,825;-252,3;-325,1
145,146;-255,7;-324,3
145,466;-255,4;-325,5
145,787;-254,6;-324,0
146,107;-253,2;-321,8
146,427;-251,9;-321,9
146,748;-251,6;-320,8
147,068;-255,1;-323,5
147,389;-255,6;-321,6
147,709;-255,0;-320,9
148,029;-256,8;-324,9
148,350;-254,2;-328,6
148,670;-251,3;-329,1
148,991;-254,0;-328,7
149,311;-253,2;-331,2
149,632;-252,8;-331,0
149,952;-251,0;-328,3
150,272;-249,4;-328,7
150,593;-249,0;-330,4
150,913;-249,5;-330,9
151,234;-252,4;-328,8
151,554;-251,8;-331,0
151,874;-250,3;-331,7
152,195;-248,4;-331,3
152,515;-248,3;-333,2
152,836;-246,6;-332,6
153,156;-246,7;-332,8
153,476;-246,4;-335,4
153,797;-247,5;-335,7
154,117;-247,8;-337,6
154,438;-245,7;-337,2
154,758;-245,4;-338,7
155,079;-242,2;-335,6
155,399;-245,7;-336,8
155,719;-248,7;-337,3
156,040;-251,1;-336,5
156,360;-250,7;-337,0
156,681;-247,9;-337,2
157,001;-247,2;-338,1
157,321;-246,1;-339,2
157,642;-246,2;-344,5
157,962;-244,8;-345,2
158,283;-245,7;-346,5
158,603;-243,9;-345,1
158,923;-248,2;-344,5
159,244;-252,3;-344,6
159,564;-253,7;-348,5
159,885;-254,1;-349,0
160,205;-254,7;-349,4
160,525;-254,6;-348,1
160,846;-255,9;-348,1
161,166;-257,3;-344,5
161,487;-255,8;-342,2
161,807;-256,5;-341,7
162,128;-255,7;-341,6
162,448;-252,5;-345,8
162,768;-253,8;-347,6
163,089;-256,0;-348,6
163,409;-251,7;-349,9
163,730;-253,4;-348,8
164,050;-256,5;-352,7
164,370;-258,3;-352,5
164,691;-257,9;-352,7
165,011;-258,1;-355,4
165,332;-260,4;-356,0
165,652;-261,6;-352,3
165,972;-262,8;-350,9
166,293;-259,4;-353,0
166,613;-259,0;-355,0
166,934;-259,3;-354,7
167,254;-255,8;-352,2
167,574;-250,9;-349,3
167,895;-248,1;-349,1
168,215;-244,9;-349,3
168,536;-247,2;-349,0
168,856;-247,7;-350,6
169,177;-248,9;-350,7
169,497;-248,9;-352,6
169,817;-248,8;-353,4
170,138;-247,9;-353,0
170,458;-249,4;-347,9
170,779;-252,4;-346,4
171,099;-252,9;-341,9
171,419;-255,2;-343,3
171,740;-256,5;-344,8
172,060;-253,7;-342,7
172,381;-253,3;-344,8
172,701;-252,0;-344,6
173,021;-250,4;-339,5
173,342;-248,5;-340,3
173,662;-246,7;-343,5
173,983;-249,6;-344,1
174,303;-252,5;-344,1
174,624;-248,8;-346,0
174,944;-249,0;-347,0
175,264;-247,7;-346,1
175,585;-243,6;-342,9
175,905;-244,2;-342,2
176,226;-247,1;-339,2
176,546;-243,0;-336,2
176,866;-240,5;-338,1
177,187;-242,0;-341,0
177,507;-244,9;-339,9
177,828;-245,4;-340,2
178,148;-247,3;-338,7
178,468;-244,7;-337,1
178,789;-243,9;-339,6
179,109;-243,0;-344,2
179,430;-243,4;-343,2
179,750;-245,6;-343,1
180,070;-248,7;-343,1
180,391;-248,2;-343,1
180,711;-246,4;-345,8
181,032;-247,1;-346,2
181,352;-245,5;-341,6
181,673;-242,6;-342,0
181,993;-242,9;-340,6
182,313;-239,1;-338,5
182,634;-238,9;-338,2
182,954;-237,7;-338,2
183,275;-237,4;-334,7
183,595;-238,7;-333,6
183,915;-240,6;-335,1
184,236;-237,7;-333,1
184,556;-236,7;-332,7
184,877;-237,8;-331,5
185,197;-238,2;-334,2
185,517;-236,3;-333,8
185,838;-236,3;-332,9
186,158;-238,0;-334,8
186,479;-240,6;-335,5
186,799;-242,2;-337,8
187,120;-244,1;-338,9
187,440;-249,2;-340,4
187,760;-247,7;-341,3
188,081;-244,1;-340,4
188,401;-244,1;-341,1
188,722;-244,0;-340,3
189,042;-241,7;-336,3
189,362;-243,4;-337,6
189,683;-244,5;-340,0
190,003;-247,9;-341,7
190,324;-246,5;-341,8
190,644;-241,8;-343,8
190,964;-239,4;-344,2
191,285;-238,9;-347,1
191,605;-242,4;-347,7
191,926;-243,9;-344,0
192,246;-246,0;-346,3
192,566;-247,1;-346,2
192,887;-247,8;-345,5
193,207;-246,5;-342,1
193,528;-250,2;-341,7
193,848;-253,1;-343,4
194,169;-255,0;-344,9
194,489;-256,3;-344,6
194,809;-260,4;-349,2
195,130;-262,9;-349,6
195,450;-264,8;-348,8
195,771;-265,7;-352,9
196,091;-267,1;-357,1
196,411;-265,8;-352,5
196,732;-267,6;-353,1
197,052;-267,1;-353,8
197,373;-267,1;-353,8
197,693;-264,4;-354,7
198,013;-266,4;-357,2
198,334;-269,7;-356,5
198,654;-269,7;-358,6
198,975;-268,6;-360,5
199,295;-268,6;-361,4
199,616;-269,7;-361,2
199,936;-269,3;-358,8
200,256;-268,0;-360,6
200,577;-267,0;-360,8
200,897;-263,8;-361,4
201,218;-265,0;-362,9
201,538;-263,3;-361,9
201,858;-264,1;-359,3
202,179;-262,1;-361,0
202,499;-263,2;-357,0
202,820;-263,5;-358,1
203,140;-263,3;-355,1
203,460;-263,1;-350,9
203,781;-260,3;-352,1
204,101;-261,3;-354,8
204,422;-263,4;-354,8
204,742;-264,4;-357,0
205,062;-265,0;-356,1
205,383;-262,8;-354,9
205,703;-264,2;-354,7
206,024;-263,3;-353,8
206,344;-265,9;-355,1
206,665;-264,0;-355,9
206,985;-261,9;-354,6
207,305;-261,1;-354,5
207,626;-258,0;-352,0
207,946;-256,9;-349,0
208,267;-254,8;-346,1
208,587;-256,3;-342,5
208,907;-256,6;-343,0
209,228;-253,2;-341,1
209,548;-254,3;-339,8
209,869;-251,0;-340,2
210,189;-251,0;-342,5
210,509;-253,6;-342,9
210,830;-254,9;-344,1
211,150;-256,5;-341,8
211,471;-258,2;-344,5
211,791;-258,3;-344,6
212,112;-257,6;-341,5
212,432;-260,5;-339,2
212,752;-260,9;-340,9
213,073;-255,1;-341,3
213,393;-253,4;-337,8
213,714;-253,9;-338,0
214,034;-254,3;-337,7
214,354;-256,5;-339,1
214,675;-253,7;-343,8
214,995;-254,2;-344,8
215,316;-251,2;-345,7
215,636;-250,9;-345,4
215,956;-253,3;-345,6
216,277;-252,3;-349,0
216,597;-250,3;-349,6
216,918;-250,7;-348,4
217,238;-252,1;-345,7
217,558;-254,4;-340,5
217,879;-256,2;-342,5
218,199;-255,1;-339,4
218,520;-252,9;-339,3
218,840;-248,4;-338,6
219,161;-250,4;-339,6
219,481;-247,0;-343,0
219,801;-245,9;-341,5
220,122;-248,4;-341,8
220,442;-251,8;-340,5
220,763;-253,6;-343,1
221,083;-249,4;-343,0
221,403;-249,4;-344,9
221,724;-247,5;-350,1
222,044;-250,3;-351,5
222,365;-251,3;-349,8
222,685;-251,7;-348,0
223,005;-253,3;-352,4
223,326;-253,9;-351,7
223,646;-253,4;-356,3
223,967;-254,6;-358,5
224,287;-252,0;-356,3
224,607;-251,6;-358,1
224,928;-252,7;-362,5
225,248;-252,1;-362,5
225,569;-254,6;-362,7
225,889;-252,3;-361,8
226,210;-254,5;-362,1
226,530;-254,7;-365,4
226,850;-254,6;-360,8
227,171;-255,3;-360,0
227,491;-257,0;-361,8
227,812;-259,8;-364,1
228,132;-261,6;-361,7
228,452;-263,2;-360,2
228,773;-265,2;-359,2
229,093;-265,1;-358,5
229,414;-270,3;-356,1
229,734;-270,2;-356,3
230,054;-268,9;-354,0
230,375;-268,0;-352,2
230,695;-269,3;-352,7
231,016;-270,9;-358,0
231,336;-272,0;-360,9
231,657;-272,9;-362,0
231,977;-273,7;-359,2
232,297;-270,4;-360,6
232,618;-271,4;-359,5
232,938;-274,5;-358,2
233,259;-275,8;-357,1
233,579;-278,2;-357,0
233,899;-282,7;-358,0
234,220;-285,3;-354,5
234,540;-280,5;-354,1
234,861;-281,0;-349,1
235,181;-278,3;-349,4
235,501;-277,9;-349,0
235,822;-278,3;-348,9
236,142;-279,4;-354,1
236,463;-280,1;-354,4
236,783;-280,0;-354,5
237,103;-281,5;-351,3
237,424;-281,9;-354,2
237,744;-279,9;-350,7
238,065;-280,2;-353,3
238,385;-280,2;-355,0
238,706;-281,0;-353,6
239,026;-281,0;-353,3
239,346;-280,6;-352,6
239,667;-283,8;-355,8
239,987;-281,6;-359,4
240,308;-287,8;-360,2
240,628;-290,2;-359,7
240,948;-287,1;-359,6
241,269;-282,3;-361,4
241,589;-282,4;-361,0
241,910;-283,9;-356,1
242,230;-286,5;-356,7
242,550;-287,0;-357,8
242,871;-283,7;-354,6
243,191;-284,2;-352,7
243,512;-281,4;-350,7
243,832;-281,4;-348,7
244,153;-282,1;-354,0
244,473;-281,5;-359,2
244,793;-282,2;-358,5
245,114;-285,2;-363,8
245,434;-285,7;-364,7
245,755;-281,7;-365,8
246,075;-280,0;-367,5
246,395;-281,6;-365,9
246,716;-285,7;-361,8
247,036;-284,0;-362,1
247,357;-285,5;-362,4
247,677;-287,1;-361,5
247,997;-285,9;-364,6
248,318;-290,7;-362,9
248,638;-293,8;-362,6
248,959;-294,9;-361,2
249,279;-295,0;-360,9
249,599;-292,5;-361,3
249,920;-292,2;-362,7
250,240;-290,8;-361,5
250,561;-291,0;-359,4
250,881;-287,8;-358,3
251,202;-285,1;-357,8
251,522;-288,2;-358,4
251,842;-291,3;-358,4
252,163;-294,1;-357,0
252,483;-292,1;-357,9
252,804;-291,9;-355,6
253,124;-291,5;-356,9
253,444;-290,6;-359,5
253,765;-290,1;-360,2
254,085;-289,6;-362,4
254,406;-291,8;-364,7
254,726;-295,7;-365,0
255,046;-298,0;-366,4
255,367;-298,9;-367,8
255,687;-297,0;-366,6
256,008;-299,5;-365,2
256,328;-297,9;-365,3
256,649;-294,9;-363,0
256,969;-295,2;-362,0
257,289;-295,3;-364,9
257,610;-293,0;-368,1
257,930;-293,0;-368,5
258,251;-294,1;-368,9
258,571;-297,2;-372,2
258,891;-294,5;-371,0
259,212;-294,5;-369,7
259,532;-295,4;-370,4
259,853;-298,3;-368,2
260,173;-301,0;-367,9
260,493;-298,7;-362,4
260,814;-298,3;-361,7
261,134;-296,3;-363,2
261,455;-296,2;-362,2
261,775;-293,2;-364,6
262,095;-287,4;-368,5
262,416;-288,3;-369,9
262,736;-291,5;-369,2
263,057;-291,1;-366,6
263,377;-288,6;-367,3
263,698;-287,5;-368,7
264,018;-285,6;-367,4
264,338;-286,2;-366,9
264,659;-286,1;-369,1
264,979;-286,0;-368,8
265,300;-285,4;-369,2
265,620;-284,4;-363,9
265,940;-285,1;-361,6
266,261;-286,0;-363,6
266,581;-287,8;-364,7
266,902;-286,7;-362,7
267,222;-287,7;-361,9
267,542;-290,5;-364,5
267,863;-290,5;-364,9
268,183;-290,9;-362,8
268,504;-291,0;-360,5
268,824;-293,1;-362,8
269,145;-294,0;-361,5
269,465;-292,5;-357,9
269,785;-291,0;-356,1
270,106;-289,4;-358,9
270,426;-289,2;-357,4
270,747;-288,4;-353,1
271,067;-283,3;-354,6
271,387;-278,8;-358,4
271,708;-279,2;-357,6
272,028;-279,2;-355,6
272,349;-278,7;-354,2
272,669;-277,1;-356,2
272,989;-278,7;-358,0
273,310;-273,3;-356,7
273,630;-275,0;-355,4
273,951;-274,6;-355,7
274,271;-274,4;-356,9
274,591;-275,2;-358,2
274,912;-274,8;-357,9
275,232;-274,6;-357,9
275,553;-278,8;-357,6
275,873;-278,8;-359,8
276,194;-278,7;-362,6
276,514;-280,9;-360,9
276,834;-281,8;-360,8
277,155;-280,1;-360,9
277,475;-282,4;-361,2
277,796;-285,7;-363,1
278,116;-284,8;-366,2
278,436;-282,1;-363,2
278,757;-279,2;-362,7
279,077;-279,1;-359,4
279,398;-277,6;-361,1
279,718;-276,2;-365,2
280,038;-276,3;-361,7
280,359;-277,8;-363,0
280,679;-279,3;-362,8
281,000;-281,7;-363,4
281,320;-282,2;-366,5
281,640;-280,0;-361,2
281,961;-280,4;-360,2
282,281;-278,9;-358,4
282,602;-278,4;-361,0
282,922;-279,5;-360,9
283,243;-277,7;-362,2
283,563;-279,1;-362,9
283,883;-278,2;-361,0
284,204;-279,3;-360,3
284,524;-279,4;-360,6
284,845;-280,9;-360,8
285,165;-283,3;-360,2
285,485;-283,0;-356,9
285,806;-282,9;-354,8
286,126;-284,2;-356,9
286,447;-282,0;-356,0
286,767;-281,7;-356,1
287,087;-283,6;-357,5
287,408;-282,1;-356,4
287,728;-280,2;-355,7
288,049;-284,6;-357,6
288,369;-283,3;-358,1
288,690;-284,1;-360,6
289,010;-286,4;-358,2
289,330;-289,0;-358,7
289,651;-291,2;-364,9
289,971;-288,3;-362,6
290,292;-289,1;-364,0
290,612;-285,4;-363,5
290,932;-285,4;-363,0
291,253;-283,5;-366,3
291,573;-284,7;-364,2
291,894;-290,3;-367,4
292,214;-287,2;-364,4
292,534;-284,8;-363,6
292,855;-286,3;-362,1
293,175;-286,5;-357,3
293,496;-287,3;-360,8
293,816;-286,0;-358,3
294,136;-286,9;-358,6
294,457;-289,7;-362,8
294,777;-291,1;-361,2
295,098;-291,9;-358,0
295,418;-292,5;-358,0
295,739;-290,3;-357,6
296,059;-289,3;-355,9
296,379;-289,0;-356,7
296,700;-284,8;-356,9
297,020;-283,1;-356,2
297,341;-283,5;-350,9
297,661;-285,8;-349,7
297,981;-283,5;-346,7
298,302;-284,0;-344,2
298,622;-285,3;-342,6
298,943;-283,8;-341,4
299,263;-281,8;-340,3
299,583;-281,6;-340,2
299,904;-284,4;-341,1
300,224;-283,2;-336,3
300,545;-284,7;-336,1
300,865;-289,0;-336,8
301,186;-287,1;-338,7
301,506;-284,3;-338,2
301,826;-286,8;-343,3
302,147;-286,8;-343,7
302,467;-282,2;-342,6
302,788;-285,6;-338,6
303,108;-285,7;-338,3
303,428;-284,4;-338,7
303,749;-285,8;-338,5
304,069;-286,8;-338,7
304,390;-287,9;-339,4
304,710;-292,4;-341,8
305,030;-289,8;-344,1
305,351;-287,0;-342,5
305,671;-286,4;-341,3
305,992;-286,6;-340,5
306,312;-282,8;-340,7
306,632;-282,6;-340,1
306,953;-280,7;-340,7
307,273;-282,2;-341,3
307,594;-284,2;-343,7
307,914;-283,3;-349,8
308,235;-285,2;-347,8
308,555;-282,3;-344,3
308,875;-280,4;-344,0
309,196;-278,9;-341,5
309,516;-280,7;-343,3
309,837;-281,7;-343,7
310,157;-280,3;-344,1
310,477;-277,8;-344,9
310,798;-276,6;-346,9
311,118;-277,0;-351,9
311,439;-275,5;-348,6
311,759;-276,5;-349,8
312,079;-276,1;-347,2
312,400;-273,4;-348,6
312,720;-272,1;-347,4
313,041;-269,7;-346,2
313,361;-268,4;-345,9
313,682;-268,9;-346,1
314,002;-270,9;-348,1
314,322;-274,5;-349,4
314,643;-277,6;-348,9
314,963;-278,0;-349,1
315,284;-280,8;-348,4
315,604;-279,0;-345,5
315,924;-280,0;-345,7
316,245;-285,4;-345,6
316,565;-285,9;-346,7
316,886;-283,6;-349,0
317,206;-285,3;-351,7
317,526;-288,0;-351,4
317,847;-289,4;-352,0
318,167;-293,0;-352,3
318,488;-295,0;-353,4
318,808;-290,6;-354,2
319,128;-292,7;-356,6
319,449;-294,5;-359,5
319,769;-294,3;-357,2
320,090;-295,5;-356,3
320,410;-296,0;-356,0
320,731;-296,7;-358,7
321,051;-297,5;-357,9
321,371;-297,6;-357,4
321,692;-293,8;-357,7
322,012;-294,1;-357,7
322,333;-296,1;-357,1
322,653;-295,2;-355,9
322,973;-297,4;-351,5
323,294;-295,9;-352,5
323,614;-292,8;-356,2
323,935;-297,3;-355,5
324,255;-294,8;-354,6
324,575;-292,8;-350,4
324,896;-292,5;-350,5
325,216;-294,9;-350,7
325,537;-291,7;-351,2
325,857;-292,0;-353,9
326,178;-292,1;-353,0
326,498;-292,3;-353,5
326,818;-292,2;-357,2
327,139;-291,2;-355,3
327,459;-291,8;-352,3
327,780;-292,1;-352,8
328,100;-289,4;-351,9
328,420;-290,2;-347,7
328,741;-291,1;-348,7
329,061;-290,7;-347,4
329,382;-291,0;-351,2
329,702;-291,2;-353,5
330,022;-289,1;-354,3
330,343;-285,1;-350,3
330,663;-285,1;-351,3
330,984;-285,2;-350,7
331,304;-287,5;-350,3
331,624;-289,7;-350,3
331,945;-291,9;-350,8
332,265;-291,1;-353,5
332,586;-291,5;-350,9
332,906;-292,3;-348,2
333,227;-293,8;-348,7
333,547;-296,3;-346,6
333,867;-297,4;-348,2
334,188;-301,3;-350,7
334,508;-302,2;-351,9
334,829;-301,4;-354,3
335,149;-297,9;-356,4
335,469;-297,3;-353,9
335,790;-300,6;-352,9
336,110;-302,2;-353,9
336,431;-304,2;-353,6
336,751;-302,9;-351,7
337,071;-301,6;-350,1
337,392;-301,2;-347,9
337,712;-299,2;-347,5
338,033;-300,5;-351,1
338,353;-302,9;-354,0
338,674;-304,5;-353,2
338,994;-304,8;-350,7
339,314;-303,3;-348,9
339,635;-302,7;-350,1
339,955;-305,5;-348,2
340,276;-304,7;-349,6
340,596;-305,8;-350,3
340,916;-304,9;-351,4
341,237;-304,8;-350,4
341,557;-302,9;-350,1
341,878;-304,9;-347,4
342,198;-306,1;-347,6
342,518;-306,3;-346,0
342,839;-304,1;-348,6
343,159;-301,1;-346,2
343,480;-300,2;-346,6
343,800;-299,9;-348,5
344,120;-300,1;-348,8
344,441;-301,4;-351,0
344,761;-298,3;-351,2
345,082;-301,2;-352,2
345,402;-299,4;-356,3
345,723;-301,2;-356,6
346,043;-300,2;-356,9
346,363;-301,5;-357,2
346,684;-300,0;-357,3
347,004;-301,5;-360,5
347,325;-305,5;-362,8
347,645;-310,8;-362,5
347,965;-310,3;-365,1
348,286;-311,8;-363,2
348,606;-312,2;-360,5
348,927;-311,9;-361,1
349,247;-311,0;-358,4
349,567;-311,1;-355,9
349,888;-310,3;-354,4
350,208;-308,5;-355,8
350,529;-311,6;-353,1
350,849;-313,4;-349,7
351,169;-316,5;-347,2
351,490;-313,4;-349,6
351,810;-313,8;-350,4
352,131;-316,9;-348,5
352,451;-313,9;-347,2
352,772;-312,0;-350,8
353,092;-310,8;-351,4
353,412;-309,3;-351,0
353,733;-312,2;-351,4
354,053;-311,9;-350,5
354,374;-312,1;-352,2
354,694;-314,1;-354,4
355,014;-316,8;-354,2
355,335;-321,1;-350,2
355,655;-321,8;-351,5
355,976;-322,1;-351,4
356,296;-322,2;-350,0
356,616;-321,7;-347,9
356,937;-316,5;-344,5
357,257;-319,2;-343,3
357,578;-319,9;-342,6
357,898;-324,1;-340,9
358,219;-323,7;-341,1
358,539;-319,8;-340,6
358,859;-320,6;-338,0
359,180;-323,4;-340,2
359,500;-322,9;-340,6
359,821;-321,3;-337,2
360,141;-322,8;-336,8
360,461;-324,8;-335,6
360,782;-322,6;-336,8
361,102;-322,8;-340,8
361,423;-323,7;-341,7
361,743;-325,5;-342,9
362,063;-328,5;-343,3
362,384;-328,4;-345,1
362,704;-330,8;-342,2
363,025;-334,9;-338,7
363,345;-334,3;-340,0
363,665;-333,6;-340,4
363,986;-332,9;-341,2
364,306;-328,8;-344,5
364,627;-329,2;-342,4
364,947;-326,1;-341,2
365,268;-328,5;-338,0
365,588;-330,0;-339,0
365,908;-329,4;-337,5
366,229;-329,9;-335,4
366,549;-329,6;-335,0
366,870;-328,8;-338,5
367,190;-328,9;-339,2
367,510;-330,8;-339,2
367,831;-328,7;-341,8
368,151;-329,1;-345,4
368,472;-327,1;-345,7
368,792;-329,0;-341,0
369,112;-327,6;-342,7
369,433;-327,9;-342,9
369,753;-326,1;-344,1
370,074;-319,1;-345,3
370,394;-318,4;-344,6
370,715;-314,7;-345,1
371,035;-319,8;-345,0
371,355;-315,8;-345,2
371,676;-312,4;-345,2
371,996;-309,4;-347,6
372,317;-308,2;-346,4
372,637;-313,4;-348,2
372,957;-318,2;-341,7
373,278;-325,2;-339,3
373,598;-324,0;-339,4
373,919;-325,3;-341,1
374,239;-328,2;-341,4
374,559;-326,5;-344,4
374,880;-331,3;-347,4
375,200;-335,2;-344,4
375,521;-335,8;-343,3
375,841;-336,2;-340,1
376,161;-333,3;-340,9
376,482;-334,8;-341,8
376,802;-335,7;-342,2
377,123;-335,7;-341,4
377,443;-335,2;-342,0
377,764;-335,2;-343,8
378,084;-336,0;-343,6
378,404;-336,8;-343,9
378,725;-334,8;-340,8
379,045;-337,5;-338,6
379,366;-333,6;-343,3
379,686;-331,0;-342,8
380,006;-331,8;-336,6
380,327;-332,7;-337,2
380,647;-338,1;-335,6
380,968;-334,7;-335,8
381,288;-332,2;-334,1
381,608;-329,3;-333,6
381,929;-329,8;-332,3
382,249;-331,1;-333,8
382,570;-330,7;-334,6
382,890;-328,6;-332,2
383,211;-329,9;-329,8
383,531;-332,3;-329,1
383,851;-330,6;-330,2
384,172;-332,0;-328,7
384,492;-332,6;-329,2
384,813;-331,3;-330,6
