;Masse E;;
t;x;y;
0,000;-549,0;-436,0
0,320;-546,3;-434,6
0,641;-548,9;-434,0
0,961;-550,8;-436,1
1,282;-552,9;-437,6
1,602;-552,4;-440,5
1,922;-552,8;-438,7
2,243;-552,2;-440,8
2,563;-552,5;-442,5
2,884;-551,9;-441,2
3,204;-551,8;-443,4
3,525;-554,3;-443,6
3,845;-552,8;-441,7
4,165;-551,9;-442,3
4,486;-547,8;-441,0
4,806;-547,8;-441,6
5,127;-551,9;-441,9
5,447;-553,0;-438,7
5,767;-551,3;-439,2
6,088;-551,6;-438,5
6,408;-544,5;-437,1
6,729;-545,0;-436,5
7,049;-548,3;-435,6
7,369;-546,9;-433,8
7,690;-548,5;-428,7
8,010;-547,1;-429,2
8,331;-548,5;-433,2
8,651;-548,9;-430,1
8,971;-547,8;-428,9
9,292;-548,0;-431,8
9,612;-548,5;-431,9
9,933;-545,2;-429,9
10,253;-546,7;-431,7
10,574;-544,5;-432,4
10,894;-544,3;-432,8
11,214;-545,8;-433,3
11,535;-544,5;-433,8
11,855;-549,2;-437,2
12,176;-546,9;-439,1
12,496;-545,3;-437,8
12,816;-545,0;-436,0
13,137;-545,1;-435,3
13,457;-546,4;-439,0
13,778;-542,9;-437,2
14,098;-542,2;-436,6
14,418;-542,4;-434,4
14,739;-537,6;-432,2
15,059;-538,0;-429,9
15,380;-538,7;-427,3
15,700;-539,6;-427,1
16,021;-543,2;-426,8
16,341;-544,4;-426,8
16,661;-538,8;-427,2
16,982;-537,8;-422,8
17,302;-533,4;-421,0
17,623;-535,7;-423,1
17,943;-535,6;-421,0
18,263;-534,7;-420,9
18,584;-536,2;-419,6
18,904;-537,5;-423,3
19,225;-535,2;-427,0
19,545;-531,1;-426,4
19,865;-533,4;-429,0
20,186;-532,2;-427,4
20,506;-529,5;-431,0
20,827;-527,8;-431,4
21,147;-527,2;-429,5
21,467;-527,5;-428,2
21,788;-527,9;-427,4
22,108;-525,3;-426,4
22,429;-524,4;-425,4
22,749;-523,0;-421,4
23,070;-523,6;-422,4
23,390;-525,1;-421,5
23,710;-527,5;-421,1
24,031;-531,6;-418,7
24,351;-533,3;-419,4
24,672;-534,7;-416,9
24,992;-535,2;-417,1
25,312;-537,4;-418,4
25,633;-536,0;-419,0
25,953;-535,1;-419,5
26,274;-539,4;-421,5
26,594;-539,0;-424,4
26,914;-538,2;-425,0
27,235;-538,1;-428,7
27,555;-538,2;-428,8
27,876;-536,4;-428,0
28,196;-536,0;-427,7
28,517;-535,1;-434,8
28,837;-532,5;-433,2
29,157;-532,4;-435,2
29,478;-531,3;-436,4
29,798;-531,6;-437,2
30,119;-532,2;-444,0
30,439;-535,1;-444,4
30,759;-535,9;-441,4
31,080;-540,1;-441,3
31,400;-541,5;-436,8
31,721;-539,5;-437,3
32,041;-538,7;-436,1
32,361;-537,4;-431,9
32,682;-538,5;-428,8
33,002;-541,4;-429,3
33,323;-540,2;-430,0
33,643;-540,9;-425,1
33,963;-539,8;-427,5
34,284;-540,0;-428,9
34,604;-544,6;-427,2
34,925;-541,5;-422,9
35,245;-539,6;-426,4
35,566;-537,3;-428,3
35,886;-536,9;-421,1
36,206;-540,7;-417,7
36,527;-542,9;-421,3
36,847;-540,6;-421,5
37,168;-541,0;-422,1
37,488;-540,7;-424,2
37,808;-541,0;-426,6
38,129;-538,3;-422,8
38,449;-539,5;-419,7
38,770;-544,1;-417,1
39,090;-544,6;-422,4
39,410;-547,8;-419,3
39,731;-552,0;-418,8
40,051;-548,6;-419,0
40,372;-546,7;-419,7
40,692;-552,0;-418,7
41,012;-554,0;-416,7
41,333;-554,0;-415,5
41,653;-554,5;-416,7
41,974;-559,9;-414,3
42,294;-559,8;-413,6
42,615;-558,8;-411,5
42,935;-560,8;-408,4
43,255;-564,1;-409,1
43,576;-567,3;-411,4
43,896;-567,9;-411,7
44,217;-562,7;-414,2
44,537;-561,2;-404,6
44,857;-562,3;-398,5
45,178;-565,5;-398,4
45,498;-568,6;-399,7
45,819;-570,0;-398,0
46,139;-567,8;-394,8
46,459;-568,0;-392,7
46,780;-568,1;-394,9
47,100;-570,9;-392,3
47,421;-568,8;-393,0
47,741;-569,7;-394,3
48,062;-567,5;-394,5
48,382;-569,0;-399,2
48,702;-566,5;-400,5
49,023;-565,1;-405,7
49,343;-560,6;-404,1
49,664;-557,9;-403,9
49,984;-557,1;-402,4
50,304;-556,8;-404,8
50,625;-558,7;-403,1
50,945;-566,7;-402,9
51,266;-563,3;-399,0
51,586;-561,3;-398,8
51,906;-557,2;-399,2
52,227;-556,5;-402,4
52,547;-556,7;-399,6
52,868;-558,6;-400,2
53,188;-557,9;-403,4
53,508;-560,5;-403,1
53,829;-560,5;-400,9
54,149;-561,5;-397,9
54,470;-562,1;-395,8
54,790;-563,8;-396,8
55,111;-566,0;-392,8
55,431;-565,3;-393,7
55,751;-565,6;-396,7
56,072;-566,4;-397,9
56,392;-567,7;-395,8
56,713;-569,4;-396,6
57,033;-569,0;-394,0
57,353;-569,1;-395,3
57,674;-565,9;-393,0
57,994;-564,8;-391,6
58,315;-562,5;-387,4
58,635;-559,9;-385,5
58,955;-559,8;-383,3
59,276;-561,4;-387,7
59,596;-559,9;-392,3
59,917;-557,7;-391,6
60,237;-556,4;-391,8
60,558;-552,5;-390,7
60,878;-550,7;-391,4
61,198;-545,8;-391,4
61,519;-545,4;-392,4
61,839;-546,7;-393,0
62,160;-546,5;-393,4
62,480;-550,1;-391,0
62,800;-553,9;-390,1
63,121;-552,7;-388,0
63,441;-554,1;-390,6
63,762;-553,2;-388,3
64,082;-554,9;-387,8
64,402;-552,6;-386,4
64,723;-554,5;-387,9
65,043;-557,0;-386,1
65,364;-554,3;-383,7
65,684;-553,8;-384,8
66,004;-552,9;-379,8
66,325;-549,4;-383,4
66,645;-547,0;-381,5
66,966;-545,7;-382,1
67,286;-544,6;-381,6
67,607;-548,6;-380,1
67,927;-550,9;-379,3
68,247;-548,7;-381,4
68,568;-544,5;-382,0
68,888;-542,9;-382,3
69,209;-545,0;-381,5
69,529;-544,5;-385,0
69,849;-543,9;-388,0
70,170;-543,0;-386,0
70,490;-543,5;-388,3
70,811;-545,5;-388,5
71,131;-550,2;-385,7
71,451;-553,0;-390,0
71,772;-553,1;-387,8
72,092;-553,0;-386,5
72,413;-553,0;-384,4
72,733;-555,2;-384,5
73,054;-552,7;-381,9
73,374;-552,7;-380,4
73,694;-552,8;-380,1
74,015;-554,0;-379,9
74,335;-553,7;-379,5
74,656;-553,7;-379,7
74,976;-553,9;-378,3
75,296;-555,3;-374,9
75,617;-554,2;-372,9
75,937;-556,2;-371,9
76,258;-555,2;-371,3
76,578;-554,7;-371,4
76,898;-556,5;-370,4
77,219;-552,7;-366,9
77,539;-555,6;-368,0
77,860;-558,6;-361,7
78,180;-560,6;-362,2
78,500;-564,1;-359,2
78,821;-563,6;-360,0
79,141;-564,6;-356,2
79,462;-561,0;-351,3
79,782;-563,0;-348,8
80,103;-565,6;-347,7
80,423;-565,2;-351,1
80,743;-562,7;-351,2
81,064;-563,5;-351,3
81,384;-562,2;-349,3
81,705;-560,0;-348,7
82,025;-559,0;-347,1
82,345;-559,5;-344,7
82,666;-559,8;-342,8
82,986;-563,9;-342,7
83,307;-564,1;-348,5
83,627;-563,9;-348,1
83,947;-558,2;-348,1
84,268;-561,4;-347,6
84,588;-564,1;-346,3
84,909;-565,8;-346,0
85,229;-566,6;-343,9
85,550;-568,8;-344,7
85,870;-564,1;-343,6
86,190;-564,4;-347,5
86,511;-565,5;-348,4
86,831;-562,6;-343,3
87,152;-566,7;-340,7
87,472;-564,1;-338,4
87,792;-566,2;-336,5
88,113;-563,7;-333,0
88,433;-566,1;-336,0
88,754;-566,3;-335,9
89,074;-566,3;-340,6
89,394;-566,2;-343,5
89,715;-566,2;-341,5
90,035;-566,3;-341,5
90,356;-569,2;-340,0
90,676;-569,4;-339,8
90,996;-568,0;-340,0
91,317;-567,7;-341,4
91,637;-568,9;-340,6
91,958;-569,4;-339,3
92,278;-570,7;-338,6
92,599;-570,9;-338,9
92,919;-569,8;-338,3
93,239;-570,5;-339,2
93,560;-569,3;-339,1
93,880;-569,6;-337,9
94,201;-569,7;-338,1
94,521;-568,9;-338,2
94,841;-569,8;-337,5
95,162;-570,4;-336,6
95,482;-568,6;-340,3
95,803;-568,6;-339,8
96,123;-569,2;-341,0
96,443;-571,6;-339,1
96,764;-572,1;-338,0
97,084;-572,8;-339,3
97,405;-573,4;-339,6
97,725;-571,2;-339,2
98,045;-571,1;-337,1
98,366;-572,0;-336,1
98,686;-572,5;-337,8
99,007;-570,5;-338,7
99,327;-573,3;-342,5
99,648;-572,5;-339,8
99,968;-571,4;-341,3
100,288;-570,8;-340,6
100,609;-570,9;-339,5
100,929;-568,6;-340,3
101,250;-568,8;-339,5
101,570;-570,1;-340,7
101,890;-569,9;-341,4
102,211;-570,0;-340,5
102,531;-568,7;-341,5
102,852;-569,3;-341,5
103,172;-568,9;-343,0
103,492;-568,8;-342,2
103,813;-569,7;-342,7
104,133;-569,3;-342,8
104,454;-568,5;-341,8
104,774;-567,9;-344,0
105,095;-569,6;-341,7
105,415;-570,0;-340,3
105,735;-570,3;-338,7
106,056;-571,5;-339,0
106,376;-571,0;-340,1
106,697;-571,7;-338,9
107,017;-570,5;-339,9
107,337;-569,8;-341,2
107,658;-566,3;-341,2
107,978;-567,2;-341,3
108,299;-570,2;-341,0
108,619;-568,6;-340,5
108,939;-568,3;-342,6
109,260;-568,8;-343,4
109,580;-570,2;-342,4
109,901;-569,8;-340,9
110,221;-569,7;-342,6
110,541;-571,1;-342,6
110,862;-570,6;-340,1
111,182;-570,8;-340,1
111,503;-572,6;-340,3
111,823;-572,4;-340,5
112,144;-572,8;-341,0
112,464;-569,8;-342,4
112,784;-570,2;-342,4
113,105;-569,2;-342,4
113,425;-568,0;-338,5
113,746;-568,7;-341,2
114,066;-568,4;-340,0
114,386;-569,2;-340,4
114,707;-570,6;-341,6
115,027;-568,8;-339,9
115,348;-568,5;-339,7
115,668;-569,0;-339,7
115,988;-569,8;-341,5
116,309;-571,1;-339,6
116,629;-569,5;-341,4
116,950;-570,6;-340,9
117,270;-570,0;-342,5
117,591;-569,2;-340,8
117,911;-569,6;-339,5
118,231;-569,0;-341,3
118,552;-569,1;-340,4
118,872;-567,2;-342,9
119,193;-566,5;-340,7
119,513;-568,2;-340,5
119,833;-568,4;-340,1
120,154;-566,5;-340,3
120,474;-568,0;-339,6
120,795;-568,1;-340,1
121,115;-568,3;-338,2
121,435;-568,2;-337,7
121,756;-566,9;-338,4
122,076;-567,3;-339,5
122,397;-566,3;-341,8
122,717;-566,1;-340,1
123,037;-566,6;-340,7
123,358;-568,8;-340,5
123,678;-567,5;-339,9
123,999;-568,7;-340,0
124,319;-568,7;-341,2
124,640;-568,5;-340,8
124,960;-570,3;-342,2
125,280;-571,0;-343,2
125,601;-566,9;-342,5
125,921;-568,0;-344,5
126,242;-568,9;-344,6
126,562;-569,3;-343,6
126,882;-570,0;-344,4
127,203;-570,1;-345,5
127,523;-568,5;-345,4
127,844;-570,6;-345,4
128,164;-572,3;-345,5
128,484;-571,5;-344,6
128,805;-569,7;-341,5
129,125;-570,3;-341,0
129,446;-569,6;-342,2
129,766;-569,5;-340,2
130,087;-572,2;-339,6
130,407;-570,9;-340,1
130,727;-572,2;-341,2
131,048;-571,6;-343,7
131,368;-571,8;-345,1
131,689;-572,1;-346,0
132,009;-572,4;-345,3
132,329;-573,8;-346,0
132,650;-573,8;-346,0
132,970;-571,4;-348,1
133,291;-572,2;-348,9
133,611;-572,4;-348,1
133,931;-573,2;-347,4
134,252;-571,7;-345,7
134,572;-571,6;-345,2
134,893;-571,7;-345,2
135,213;-571,5;-344,5
135,533;-572,6;-344,9
135,854;-571,1;-346,3
136,174;-569,1;-344,6
136,495;-573,0;-342,3
136,815;-573,1;-345,4
137,136;-572,0;-344,6
137,456;-572,6;-344,7
137,776;-572,7;-342,9
138,097;-572,7;-343,2
138,417;-573,8;-342,8
138,738;-573,9;-342,2
139,058;-574,0;-340,9
139,378;-571,5;-342,6
139,699;-571,0;-344,3
140,019;-572,7;-344,2
140,340;-574,4;-344,2
140,660;-571,3;-343,8
140,980;-571,6;-343,5
141,301;-571,0;-343,6
141,621;-572,4;-343,3
141,942;-572,1;-343,4
142,262;-570,4;-342,9
142,583;-572,3;-342,9
142,903;-572,1;-343,2
143,223;-572,4;-343,2
143,544;-571,2;-344,2
143,864;-571,4;-342,8
144,185;-570,8;-344,0
144,505;-571,3;-341,6
144,825;-571,4;-342,7
145,146;-570,9;-341,1
145,466;-568,6;-341,8
145,787;-570,6;-340,4
146,107;-572,2;-340,5
146,427;-571,8;-343,1
146,748;-571,0;-341,8
147,068;-571,6;-340,3
147,389;-572,0;-339,8
147,709;-572,6;-343,1
148,029;-569,4;-345,8
148,350;-567,6;-347,5
148,670;-567,6;-345,9
148,991;-567,8;-346,6
149,311;-567,6;-347,1
149,632;-569,0;-347,0
149,952;-570,9;-344,7
150,272;-573,0;-342,4
150,593;-571,2;-341,6
150,913;-571,1;-338,3
151,234;-571,5;-337,3
151,554;-572,3;-339,3
151,874;-571,0;-339,4
152,195;-573,1;-339,9
152,515;-571,3;-340,6
152,836;-569,6;-342,8
153,156;-570,6;-344,3
153,476;-572,9;-345,8
153,797;-572,1;-344,0
154,117;-571,6;-343,4
154,438;-572,5;-343,6
154,758;-574,7;-347,0
155,079;-574,6;-343,7
155,399;-574,7;-343,6
155,719;-573,2;-343,7
156,040;-575,2;-344,7
156,360;-574,3;-346,2
156,681;-574,1;-346,4
157,001;-574,2;-346,1
157,321;-573,3;-347,0
157,642;-573,0;-347,2
157,962;-573,0;-346,7
158,283;-573,8;-346,8
158,603;-570,9;-345,1
158,923;-572,6;-343,8
159,244;-572,9;-343,6
159,564;-572,9;-344,9
159,885;-571,4;-344,9
160,205;-569,8;-345,4
160,525;-571,2;-344,4
160,846;-573,4;-343,8
161,166;-573,8;-343,9
161,487;-573,5;-341,9
161,807;-572,4;-342,5
162,128;-571,1;-343,6
162,448;-572,2;-343,7
162,768;-572,7;-344,3
163,089;-572,6;-343,8
163,409;-570,9;-343,1
163,730;-571,6;-344,1
164,050;-571,6;-344,0
164,370;-572,2;-343,5
164,691;-572,4;-344,2
165,011;-572,1;-343,9
165,332;-572,3;-343,9
165,652;-572,2;-344,1
165,972;-570,3;-344,4
166,293;-572,1;-343,8
166,613;-569,6;-342,4
166,934;-569,8;-341,3
167,254;-569,6;-342,1
167,574;-570,5;-343,9
167,895;-570,3;-344,0
168,215;-568,7;-343,3
168,536;-570,4;-344,1
168,856;-570,0;-344,8
169,177;-570,5;-345,4
169,497;-572,4;-343,6
169,817;-570,8;-344,5
170,138;-568,4;-342,0
170,458;-568,1;-339,8
170,779;-568,7;-341,8
171,099;-568,9;-342,5
171,419;-569,7;-342,4
171,740;-572,2;-342,3
172,060;-570,0;-342,3
172,381;-572,1;-342,2
172,701;-571,6;-342,0
173,021;-572,1;-341,7
173,342;-572,1;-341,9
173,662;-570,2;-341,7
173,983;-570,0;-342,1
174,303;-568,6;-340,5
174,624;-569,9;-341,8
174,944;-572,1;-342,5
175,264;-573,0;-343,0
175,585;-572,8;-344,9
175,905;-573,8;-343,4
176,226;-573,6;-343,2
176,546;-574,9;-343,3
176,866;-575,2;-343,3
177,187;-573,4;-342,6
177,507;-572,1;-340,0
177,828;-573,2;-343,4
178,148;-569,7;-345,2
178,468;-569,3;-343,0
178,789;-568,3;-344,0
179,109;-570,2;-343,2
179,430;-572,0;-342,9
179,750;-570,9;-342,1
180,070;-570,9;-339,1
180,391;-574,6;-342,4
180,711;-575,2;-341,5
181,032;-575,0;-342,5
181,352;-575,3;-343,5
181,673;-574,7;-341,3
181,993;-575,1;-343,9
182,313;-574,3;-343,9
182,634;-574,7;-343,6
182,954;-575,0;-342,5
183,275;-574,5;-342,1
183,595;-573,8;-341,9
183,915;-572,7;-343,9
184,236;-571,1;-344,0
184,556;-570,6;-345,3
184,877;-569,0;-344,5
185,197;-570,6;-342,8
185,517;-573,1;-342,7
185,838;-573,7;-343,2
186,158;-574,1;-343,3
186,479;-572,8;-342,3
186,799;-572,5;-342,6
187,120;-572,6;-342,9
187,440;-573,0;-342,9
187,760;-573,3;-343,0
188,081;-574,4;-342,6
188,401;-574,6;-341,6
188,722;-574,9;-341,7
189,042;-572,2;-339,6
189,362;-573,0;-341,0
189,683;-574,6;-339,1
190,003;-574,7;-342,3
190,324;-574,0;-343,7
190,644;-573,0;-344,1
190,964;-572,1;-344,0
191,285;-574,2;-344,8
191,605;-573,2;-345,0
191,926;-573,1;-344,0
192,246;-573,8;-344,7
192,566;-573,1;-345,8
192,887;-572,4;-346,2
193,207;-574,5;-347,5
193,528;-574,7;-345,8
193,848;-574,5;-345,9
194,169;-574,8;-346,8
194,489;-574,0;-347,1
194,809;-574,3;-346,9
195,130;-573,4;-348,7
195,450;-573,6;-347,2
195,771;-574,9;-346,7
196,091;-573,3;-347,2
196,411;-574,7;-347,2
196,732;-574,3;-346,8
197,052;-575,0;-345,2
197,373;-574,3;-345,2
197,693;-574,9;-345,4
198,013;-573,3;-346,1
198,334;-575,3;-345,6
198,654;-574,4;-345,9
198,975;-573,6;-346,1
199,295;-574,0;-346,9
199,616;-574,8;-346,5
199,936;-575,4;-344,2
200,256;-574,9;-344,9
200,577;-574,5;-344,8
200,897;-575,1;-344,2
201,218;-575,3;-344,2
201,538;-575,3;-343,9
201,858;-575,3;-345,2
202,179;-575,0;-343,2
202,499;-575,7;-341,6
202,820;-575,4;-341,8
203,140;-575,3;-341,6
203,460;-575,3;-343,8
203,781;-574,6;-345,2
204,101;-574,8;-344,4
204,422;-575,0;-343,6
204,742;-575,9;-342,9
205,062;-574,8;-343,9
205,383;-575,3;-342,5
205,703;-575,0;-343,9
206,024;-574,9;-346,0
206,344;-574,7;-345,3
206,665;-574,6;-344,6
206,985;-575,2;-343,6
207,305;-575,1;-344,3
207,626;-575,1;-344,3
207,946;-574,8;-344,7
208,267;-575,0;-344,7
208,587;-575,4;-343,9
208,907;-575,1;-343,8
209,228;-575,6;-343,8
209,548;-575,3;-344,9
209,869;-575,2;-346,0
210,189;-575,3;-346,3
210,509;-575,0;-343,9
210,830;-574,8;-343,6
211,150;-575,1;-344,7
211,471;-574,8;-345,3
211,791;-575,1;-344,9
212,112;-575,3;-344,9
212,432;-574,8;-345,3
212,752;-575,3;-346,2
213,073;-574,2;-345,2
213,393;-574,7;-345,1
213,714;-574,5;-344,9
214,034;-574,7;-345,5
214,354;-574,4;-345,5
214,675;-574,6;-345,4
214,995;-574,7;-345,3
215,316;-574,2;-346,1
215,636;-574,4;-345,2
215,956;-575,0;-345,6
216,277;-574,7;-344,8
216,597;-575,0;-344,6
216,918;-575,5;-343,0
217,238;-574,4;-343,3
217,558;-574,6;-342,9
217,879;-575,6;-343,2
218,199;-575,4;-342,4
218,520;-575,4;-342,4
218,840;-575,5;-342,9
219,161;-575,4;-340,2
219,481;-574,5;-340,1
219,801;-574,6;-339,9
220,122;-574,7;-340,0
220,442;-575,2;-340,4
220,763;-571,8;-339,4
221,083;-570,0;-340,2
221,403;-573,7;-338,4
221,724;-574,7;-340,0
222,044;-572,2;-340,2
222,365;-574,4;-340,3
222,685;-574,3;-338,5
223,005;-573,8;-341,5
223,326;-575,0;-342,8
223,646;-573,6;-343,5
223,967;-574,3;-342,5
224,287;-575,6;-343,3
224,607;-573,2;-344,5
224,928;-574,0;-343,3
225,248;-574,0;-343,1
225,569;-574,1;-343,2
225,889;-574,2;-342,5
226,210;-575,1;-344,8
226,530;-574,3;-343,5
226,850;-574,0;-344,4
227,171;-574,7;-344,0
227,491;-574,8;-344,1
227,812;-574,0;-343,8
228,132;-574,4;-343,8
228,452;-573,0;-344,7
228,773;-573,0;-344,2
229,093;-571,7;-341,5
229,414;-573,0;-343,6
229,734;-574,0;-343,7
230,054;-573,6;-343,2
230,375;-575,1;-344,2
230,695;-573,5;-345,3
231,016;-574,4;-345,2
231,336;-574,0;-344,3
231,657;-572,9;-346,5
231,977;-573,0;-345,8
232,297;-572,7;-345,9
232,618;-571,5;-347,3
232,938;-572,8;-345,8
233,259;-572,6;-347,9
233,579;-572,8;-346,8
233,899;-573,2;-345,9
234,220;-573,1;-344,8
234,540;-571,7;-346,2
234,861;-571,7;-346,0
235,181;-571,9;-347,0
235,501;-571,2;-346,4
235,822;-571,2;-344,4
236,142;-571,8;-346,2
236,463;-572,1;-344,2
236,783;-574,3;-344,3
237,103;-572,7;-344,3
237,424;-570,9;-343,5
237,744;-572,7;-343,8
238,065;-572,5;-345,8
238,385;-572,1;-345,6
238,706;-570,6;-347,0
239,026;-570,4;-347,0
239,346;-569,9;-346,4
239,667;-570,1;-345,2
239,987;-570,1;-346,4
240,308;-568,8;-343,6
240,628;-571,1;-341,9
240,948;-570,9;-341,3
241,269;-570,5;-341,4
241,589;-569,9;-339,5
241,910;-572,8;-340,1
242,230;-570,5;-340,2
242,550;-570,4;-343,3
242,871;-571,0;-345,0
243,191;-570,8;-344,1
243,512;-572,6;-342,1
243,832;-570,4;-340,8
244,153;-571,5;-341,1
244,473;-572,7;-340,3
244,793;-570,2;-340,7
245,114;-571,4;-341,8
245,434;-570,7;-346,0
245,755;-569,1;-345,6
246,075;-569,4;-344,1
246,395;-569,1;-342,5
246,716;-569,7;-343,0
247,036;-570,1;-340,2
247,357;-568,8;-342,9
247,677;-569,8;-343,7
247,997;-569,4;-344,7
248,318;-569,2;-346,6
248,638;-569,0;-346,8
248,959;-569,9;-345,7
249,279;-568,8;-346,2
249,599;-566,7;-348,2
249,920;-566,1;-347,6
250,240;-565,7;-347,3
250,561;-566,1;-347,6
250,881;-566,2;-347,8
251,202;-565,3;-347,3
251,522;-565,3;-347,2
251,842;-565,2;-349,5
252,163;-565,0;-347,0
252,483;-565,4;-345,5
252,804;-565,3;-345,6
253,124;-566,9;-343,6
253,444;-568,5;-344,0
253,765;-567,5;-343,8
254,085;-567,8;-343,1
254,406;-567,2;-346,5
254,726;-568,6;-344,2
255,046;-569,7;-345,7
255,367;-568,7;-346,1
255,687;-567,2;-346,8
256,008;-566,3;-347,6
256,328;-567,7;-348,8
256,649;-568,4;-347,4
256,969;-570,4;-347,0
257,289;-567,9;-345,8
257,610;-569,4;-346,0
257,930;-567,7;-346,2
258,251;-567,9;-346,1
258,571;-565,6;-345,2
258,891;-564,8;-347,6
259,212;-565,7;-346,6
259,532;-564,8;-348,2
259,853;-564,5;-347,0
260,173;-564,3;-346,9
260,493;-564,4;-347,5
260,814;-565,2;-347,9
261,134;-565,2;-346,7
261,455;-564,4;-347,4
261,775;-564,7;-347,1
262,095;-564,4;-348,2
262,416;-564,1;-346,3
262,736;-564,0;-344,5
263,057;-564,7;-344,6
263,377;-564,6;-347,3
263,698;-564,4;-347,5
264,018;-562,8;-346,6
264,338;-563,7;-346,3
264,659;-564,2;-345,2
264,979;-566,9;-345,3
265,300;-569,4;-344,2
265,620;-568,5;-343,7
265,940;-567,2;-346,0
266,261;-566,6;-346,4
266,581;-566,8;-344,8
266,902;-566,7;-345,4
267,222;-568,3;-344,0
267,542;-569,2;-341,8
267,863;-570,4;-340,9
268,183;-568,6;-339,4
268,504;-568,0;-340,7
268,824;-570,4;-344,6
269,145;-569,5;-344,3
269,465;-568,2;-345,1
269,785;-569,0;-342,4
270,106;-569,6;-339,3
270,426;-569,7;-340,6
270,747;-569,6;-342,1
271,067;-569,3;-342,4
271,387;-568,7;-345,4
271,708;-566,9;-342,4
272,028;-567,8;-344,3
272,349;-568,2;-346,5
272,669;-567,6;-346,9
272,989;-567,6;-347,7
273,310;-567,8;-347,8
273,630;-564,7;-346,3
273,951;-564,7;-347,4
274,271;-567,8;-343,5
274,591;-569,7;-342,7
274,912;-569,0;-344,9
275,232;-568,8;-345,4
275,553;-569,8;-344,3
275,873;-570,6;-344,6
276,194;-569,9;-343,2
276,514;-570,6;-342,3
276,834;-570,0;-341,9
277,155;-570,7;-341,3
277,475;-570,4;-340,7
277,796;-571,2;-340,9
278,116;-569,1;-339,7
278,436;-567,5;-339,5
278,757;-568,8;-341,6
279,077;-567,8;-342,0
279,398;-568,5;-342,4
279,718;-565,4;-344,8
280,038;-565,3;-342,1
280,359;-565,4;-340,3
280,679;-563,9;-343,3
281,000;-564,2;-340,2
281,320;-566,9;-342,1
281,640;-566,3;-341,8
281,961;-565,3;-342,5
282,281;-565,9;-343,8
282,602;-567,3;-343,9
282,922;-566,9;-344,0
283,243;-566,1;-343,2
283,563;-568,4;-344,7
283,883;-568,3;-345,0
284,204;-570,1;-344,4
284,524;-570,0;-342,5
284,845;-568,0;-342,6
285,165;-567,4;-344,3
285,485;-568,4;-343,8
285,806;-569,4;-342,1
286,126;-570,2;-340,9
286,447;-571,1;-343,9
286,767;-568,2;-343,8
287,087;-566,7;-344,6
287,408;-566,4;-345,2
287,728;-565,3;-347,7
288,049;-563,0;-345,6
288,369;-564,1;-347,2
288,690;-566,6;-347,6
289,010;-567,3;-345,9
289,330;-567,0;-346,4
289,651;-566,8;-345,5
289,971;-567,1;-345,3
290,292;-567,2;-344,6
290,612;-566,5;-345,0
290,932;-567,2;-346,2
291,253;-568,4;-344,3
291,573;-569,3;-343,8
291,894;-568,2;-345,5
292,214;-566,6;-347,1
292,534;-566,6;-347,4
292,855;-564,8;-347,4
293,175;-568,9;-345,6
293,496;-571,0;-346,0
293,816;-572,8;-346,8
294,136;-572,5;-345,8
294,457;-571,4;-344,4
294,777;-570,6;-344,8
295,098;-571,1;-345,6
295,418;-569,3;-346,1
295,739;-568,6;-343,3
296,059;-568,8;-344,7
296,379;-568,1;-342,5
296,700;-568,0;-344,6
297,020;-568,0;-343,9
297,341;-568,6;-343,8
297,661;-570,5;-343,9
297,981;-571,0;-343,9
298,302;-572,5;-343,6
298,622;-571,8;-345,1
298,943;-573,1;-344,1
299,263;-573,4;-343,6
299,583;-574,7;-345,6
299,904;-575,0;-343,6
300,224;-574,3;-346,0
300,545;-573,4;-346,0
300,865;-570,6;-345,7
301,186;-571,5;-346,4
301,506;-571,1;-345,9
301,826;-571,2;-343,1
302,147;-572,6;-342,5
302,467;-569,6;-344,3
302,788;-570,0;-345,8
303,108;-570,1;-345,6
303,428;-570,1;-346,1
303,749;-570,4;-347,9
304,069;-570,0;-349,8
304,390;-569,8;-348,4
304,710;-569,8;-349,2
305,030;-570,2;-349,4
305,351;-570,3;-348,5
305,671;-571,9;-348,8
305,992;-573,8;-348,6
306,312;-572,2;-348,0
306,632;-571,6;-347,7
306,953;-574,1;-347,4
307,273;-572,0;-348,8
307,594;-572,8;-348,2
307,914;-573,1;-347,4
308,235;-574,0;-346,0
308,555;-572,8;-348,0
308,875;-572,9;-347,2
309,196;-572,2;-345,3
309,516;-572,4;-345,3
309,837;-571,8;-344,9
310,157;-572,0;-344,4
310,477;-571,7;-344,3
310,798;-571,2;-345,7
311,118;-571,3;-344,6
311,439;-571,6;-344,9
311,759;-571,6;-344,4
312,079;-572,3;-344,0
312,400;-573,8;-345,0
312,720;-571,6;-345,7
313,041;-573,6;-345,0
313,361;-573,7;-346,6
313,682;-574,6;-346,1
314,002;-574,8;-345,0
314,322;-573,6;-345,4
314,643;-572,2;-346,7
314,963;-574,4;-342,9
315,284;-573,1;-345,3
315,604;-573,6;-347,2
315,924;-574,8;-345,3
316,245;-574,4;-346,2
316,565;-572,7;-346,8
316,886;-572,9;-348,0
317,206;-574,4;-347,3
317,526;-574,3;-346,7
317,847;-573,8;-347,0
318,167;-573,8;-346,9
318,488;-573,9;-347,0
318,808;-574,0;-345,7
319,128;-575,1;-344,6
319,449;-574,0;-344,6
319,769;-573,9;-345,3
320,090;-573,1;-344,8
320,410;-574,0;-342,9
320,731;-572,9;-342,9
321,051;-573,1;-344,7
321,371;-574,2;-343,4
321,692;-573,5;-343,2
322,012;-571,6;-344,1
322,333;-572,3;-345,4
322,653;-572,2;-346,4
322,973;-573,2;-345,5
323,294;-572,6;-348,1
323,614;-571,8;-348,3
323,935;-574,2;-346,5
324,255;-572,1;-344,7
324,575;-574,9;-344,9
324,896;-572,9;-345,3
325,216;-574,7;-345,2
325,537;-572,4;-344,1
325,857;-572,4;-345,7
326,178;-574,0;-345,6
326,498;-573,4;-345,7
326,818;-573,9;-346,0
327,139;-574,1;-344,2
327,459;-573,7;-344,1
327,780;-573,9;-346,1
328,100;-574,0;-345,5
328,420;-573,9;-346,0
328,741;-573,5;-345,7
329,061;-574,1;-345,7
329,382;-574,3;-345,7
329,702;-574,4;-345,9
330,022;-575,3;-344,7
330,343;-573,7;-346,1
330,663;-571,3;-348,8
330,984;-571,7;-348,4
331,304;-571,5;-349,8
331,624;-572,1;-348,1
331,945;-572,4;-349,8
332,265;-572,1;-348,6
332,586;-572,4;-347,5
332,906;-570,6;-347,5
333,227;-570,0;-346,2
333,547;-570,2;-347,9
333,867;-567,7;-347,7
334,188;-568,7;-347,6
334,508;-570,0;-346,5
334,829;-570,1;-347,3
335,149;-568,2;-350,0
335,469;-567,4;-350,4
335,790;-565,2;-350,3
336,110;-567,2;-347,0
336,431;-567,0;-346,2
336,751;-567,1;-343,3
337,071;-568,2;-341,2
337,392;-567,7;-342,6
337,712;-567,6;-342,9
338,033;-567,4;-343,0
338,353;-567,8;-344,4
338,674;-568,4;-345,1
338,994;-569,0;-346,0
339,314;-573,0;-346,7
339,635;-573,8;-346,0
339,955;-573,8;-344,9
340,276;-572,4;-343,1
340,596;-571,7;-345,8
340,916;-573,3;-346,1
341,237;-575,8;-343,9
341,557;-575,5;-344,1
341,878;-575,5;-341,0
342,198;-575,6;-344,0
342,518;-574,8;-342,8
342,839;-575,9;-343,4
343,159;-575,6;-341,8
343,480;-575,5;-342,4
343,800;-575,7;-343,4
344,120;-576,0;-344,0
344,441;-575,6;-340,9
344,761;-575,8;-341,9
345,082;-575,4;-341,5
345,402;-576,0;-341,7
345,723;-574,8;-344,3
346,043;-574,6;-342,9
346,363;-574,7;-341,7
346,684;-575,5;-340,2
347,004;-575,7;-341,7
347,325;-575,9;-343,0
347,645;-576,1;-344,0
347,965;-575,8;-343,3
348,286;-575,3;-344,9
348,606;-576,5;-342,1
348,927;-573,7;-341,9
349,247;-570,3;-340,3
349,567;-569,5;-340,3
349,888;-569,0;-340,0
350,208;-570,3;-341,5
350,529;-570,4;-341,4
350,849;-570,6;-342,5
351,169;-571,7;-342,5
351,490;-570,8;-342,0
351,810;-570,6;-341,6
352,131;-570,9;-340,2
352,451;-571,6;-340,7
352,772;-571,0;-341,7
353,092;-571,8;-342,2
353,412;-569,1;-342,1
353,733;-568,5;-342,7
354,053;-567,8;-342,8
354,374;-570,3;-342,4
354,694;-568,0;-342,8
355,014;-568,4;-342,3
355,335;-568,4;-342,5
355,655;-568,4;-341,9
355,976;-568,4;-343,1
356,296;-570,0;-343,0
356,616;-568,9;-340,1
356,937;-568,2;-340,4
357,257;-566,6;-341,2
357,578;-567,6;-340,3
357,898;-569,3;-340,5
358,219;-570,6;-340,4
358,539;-571,7;-341,9
358,859;-573,2;-343,8
359,180;-574,6;-341,7
359,500;-573,6;-341,0
359,821;-574,6;-342,2
360,141;-575,1;-342,4
360,461;-575,5;-340,1
360,782;-573,7;-339,7
361,102;-574,2;-337,6
361,423;-574,3;-339,9
361,743;-574,1;-339,7
362,063;-575,1;-341,7
362,384;-574,7;-344,1
362,704;-574,1;-346,2
363,025;-574,1;-344,3
363,345;-574,7;-343,7
363,665;-573,3;-345,1
363,986;-572,0;-345,1
364,306;-571,6;-346,1
364,627;-572,9;-346,1
364,947;-571,5;-347,5
365,268;-572,9;-345,9
365,588;-572,1;-346,2
365,908;-572,8;-346,1
366,229;-574,2;-343,9
366,549;-572,6;-345,1
366,870;-574,5;-345,2
367,190;-573,9;-344,9
367,510;-573,4;-344,8
367,831;-571,0;-345,2
368,151;-569,2;-347,3
368,472;-570,2;-347,5
368,792;-571,0;-349,3
369,112;-571,3;-347,6
369,433;-569,8;-347,0
369,753;-569,3;-349,1
370,074;-569,3;-349,2
370,394;-571,1;-349,2
370,715;-569,5;-349,6
371,035;-568,8;-348,6
371,355;-568,7;-349,2
371,676;-568,9;-348,0
371,996;-569,4;-348,4
372,317;-568,6;-348,7
372,637;-569,4;-348,7
372,957;-568,9;-348,8
373,278;-568,6;-348,8
373,598;-569,0;-348,7
373,919;-570,1;-348,0
374,239;-568,7;-347,3
374,559;-568,8;-348,8
374,880;-569,0;-349,7
375,200;-566,5;-349,6
375,521;-564,3;-349,4
375,841;-563,4;-348,9
376,161;-566,7;-349,1
376,482;-567,5;-349,2
376,802;-568,6;-349,2
377,123;-569,1;-347,3
377,443;-570,6;-346,8
377,764;-568,2;-348,6
378,084;-567,5;-349,2
378,404;-567,1;-348,4
378,725;-567,3;-348,7
379,045;-566,8;-349,2
379,366;-567,0;-349,1
379,686;-566,3;-348,4
380,006;-563,2;-348,1
380,327;-563,2;-347,0
380,647;-564,8;-347,3
380,968;-564,6;-345,3
381,288;-566,3;-345,2
381,608;-566,5;-345,4
381,929;-566,2;-344,6
382,249;-566,3;-344,8
382,570;-566,7;-347,3
382,890;-565,9;-348,3
383,211;-565,2;-348,8
383,531;-565,0;-348,7
383,851;-563,4;-347,6
384,172;-564,6;-348,1
384,492;-563,3;-347,7
384,813;-563,1;-346,9
