;Masse A;;
t;x;y;
0,000;101,5;-60,50
0,320;105,4;-57,59
0,641;106,8;-56,34
0,961;106,7;-52,70
1,282;106,2;-50,87
1,602;111,6;-47,41
1,922;111,1;-45,37
2,243;111,8;-45,32
2,563;115,2;-44,49
2,884;117,9;-45,94
3,204;121,5;-42,97
3,525;121,4;-41,37
3,845;120,2;-45,71
4,165;120,2;-44,85
4,486;121,4;-45,15
4,806;124,9;-44,39
5,127;124,8;-42,91
5,447;118,3;-44,62
5,767;116,6;-42,01
6,088;116,2;-40,98
6,408;118,8;-41,46
6,729;117,8;-40,55
7,049;117,7;-41,42
7,369;115,8;-45,43
7,690;118,3;-46,05
8,010;115,9;-46,23
8,331;113,0;-42,20
8,651;115,0;-44,19
8,971;115,2;-45,24
9,292;112,2;-44,79
9,612;106,3;-46,66
9,933;108,6;-46,63
10,253;108,9;-43,27
10,574;107,9;-41,70
10,894;109,6;-41,24
11,214;109,0;-40,59
11,535;109,6;-39,17
11,855;108,7;-41,97
12,176;108,1;-41,55
12,496;111,6;-42,85
12,816;112,2;-45,18
13,137;114,7;-50,35
13,457;116,0;-48,62
13,778;115,5;-47,94
14,098;116,8;-46,05
14,418;116,9;-44,28
14,739;116,1;-46,41
15,059;117,0;-45,18
15,380;116,9;-44,80
15,700;116,7;-50,42
16,021;120,2;-52,45
16,341;120,5;-49,66
16,661;120,9;-49,02
16,982;122,7;-51,03
17,302;127,0;-52,87
17,623;129,5;-49,68
17,943;129,1;-49,28
18,263;126,8;-49,78
18,584;126,3;-51,31
18,904;127,0;-52,86
19,225;129,5;-54,51
19,545;129,9;-51,57
19,865;128,2;-46,36
20,186;131,8;-46,12
20,506;129,2;-46,77
20,827;136,0;-42,88
21,147;132,1;-41,72
21,467;133,8;-41,92
21,788;133,1;-41,47
22,108;129,8;-46,24
22,429;133,7;-48,88
22,749;136,5;-47,60
23,070;137,6;-45,41
23,390;138,8;-46,83
23,710;138,2;-45,39
24,031;138,4;-46,60
24,351;136,0;-46,94
24,672;133,6;-44,09
24,992;132,3;-47,56
25,312;132,7;-45,83
25,633;132,8;-43,91
25,953;131,6;-44,56
26,274;132,8;-45,95
26,594;131,2;-42,16
26,914;130,9;-42,56
27,235;127,4;-41,68
27,555;124,9;-40,22
27,876;125,1;-41,69
28,196;124,5;-41,01
28,517;123,2;-40,34
28,837;125,0;-41,29
29,157;124,4;-40,70
29,478;128,8;-43,81
29,798;128,4;-43,09
30,119;128,7;-42,99
30,439;127,8;-36,74
30,759;128,9;-36,31
31,080;130,3;-39,98
31,400;131,9;-39,93
31,721;130,1;-37,57
32,041;134,5;-38,00
32,361;134,5;-37,20
32,682;130,3;-38,77
33,002;130,9;-39,66
33,323;133,8;-39,52
33,643;126,9;-44,63
33,963;126,8;-44,97
34,284;124,8;-44,46
34,604;122,9;-42,74
34,925;118,8;-40,95
35,245;116,7;-42,48
35,566;118,9;-42,25
35,886;118,9;-44,37
36,206;120,9;-45,74
36,527;118,2;-42,17
36,847;118,6;-42,77
37,168;118,9;-43,82
37,488;121,7;-40,39
37,808;118,2;-44,24
38,129;118,0;-44,52
38,449;117,3;-43,49
38,770;114,0;-48,77
39,090;113,5;-46,05
39,410;113,9;-46,24
39,731;114,3;-48,59
40,051;112,3;-50,49
40,372;114,6;-48,21
40,692;114,7;-48,51
41,012;119,3;-43,07
41,333;120,2;-47,75
41,653;118,0;-47,61
41,974;121,7;-50,86
42,294;119,4;-49,85
42,615;117,4;-50,11
42,935;116,9;-48,55
43,255;116,9;-49,71
43,576;120,4;-49,64
43,896;121,1;-52,33
44,217;117,4;-54,64
44,537;117,4;-58,01
44,857;117,7;-62,89
45,178;121,6;-64,58
45,498;120,4;-66,83
45,819;118,5;-70,90
46,139;120,7;-72,64
46,459;120,4;-70,21
46,780;124,4;-67,49
47,100;123,7;-67,83
47,421;125,8;-67,60
47,741;121,1;-69,29
48,062;117,8;-70,14
48,382;115,2;-70,36
48,702;114,1;-64,61
49,023;115,2;-67,22
49,343;112,7;-69,30
49,664;112,0;-75,50
49,984;111,9;-72,43
50,304;110,6;-72,99
50,625;110,6;-74,29
50,945;111,3;-74,00
51,266;110,7;-73,46
51,586;111,1;-71,47
51,906;105,9;-71,43
52,227;103,9;-70,29
52,547;98,62;-70,69
52,868;100,6;-71,86
53,188;106,4;-72,89
53,508;107,6;-78,08
53,829;106,4;-81,09
54,149;109,7;-82,51
54,470;106,9;-86,39
54,790;106,3;-84,84
55,111;106,2;-87,59
55,431;109,8;-87,78
55,751;114,0;-88,34
56,072;116,1;-91,36
56,392;114,5;-89,02
56,713;116,9;-92,47
57,033;117,2;-89,43
57,353;116,9;-87,69
57,674;115,1;-87,80
57,994;113,3;-85,57
58,315;112,0;-87,18
58,635;112,6;-89,77
58,955;111,8;-89,59
59,276;109,8;-86,36
59,596;111,7;-89,43
59,917;112,9;-88,95
60,237;113,0;-87,76
60,558;113,4;-91,67
60,878;112,7;-87,30
61,198;115,5;-89,93
61,519;119,1;-94,32
61,839;118,2;-88,36
62,160;116,3;-87,32
62,480;116,0;-87,22
62,800;115,7;-86,66
63,121;117,0;-83,26
63,441;116,5;-82,31
63,762;120,6;-83,72
64,082;117,4;-78,49
64,402;117,6;-78,58
64,723;114,6;-82,21
65,043;114,0;-84,05
65,364;112,9;-82,36
65,684;113,7;-85,90
66,004;114,9;-82,59
66,325;116,2;-80,46
66,645;118,6;-78,47
66,966;114,8;-78,35
67,286;112,6;-77,46
67,607;112,7;-80,52
67,927;113,1;-84,43
68,247;111,2;-88,65
68,568;105,9;-85,86
68,888;107,2;-85,74
69,209;107,3;-85,08
69,529;108,2;-87,15
69,849;108,0;-85,83
70,170;107,3;-85,66
70,490;109,0;-82,44
70,811;107,7;-83,79
71,131;107,6;-85,18
71,451;107,2;-85,66
71,772;109,3;-87,92
72,092;109,5;-86,33
72,413;107,9;-85,48
72,733;109,9;-85,37
73,054;112,0;-85,86
73,374;111,5;-85,48
73,694;111,4;-88,99
74,015;118,2;-88,25
74,335;116,5;-87,28
74,656;114,5;-83,71
74,976;116,1;-87,31
75,296;119,1;-85,91
75,617;119,3;-84,87
75,937;118,3;-84,89
76,258;118,5;-84,38
76,578;120,1;-82,29
76,898;122,6;-84,23
77,219;119,5;-86,75
77,539;116,5;-85,70
77,860;117,1;-81,67
78,180;121,9;-78,43
78,500;119,5;-74,64
78,821;119,3;-75,13
79,141;119,5;-71,39
79,462;116,1;-69,52
79,782;115,4;-70,28
80,103;117,7;-68,51
80,423;118,6;-71,76
80,743;116,6;-75,24
81,064;118,3;-77,85
81,384;116,5;-80,20
81,705;119,7;-77,02
82,025;117,5;-74,34
82,345;118,1;-78,02
82,666;119,6;-79,71
82,986;120,5;-78,02
83,307;120,0;-76,31
83,627;118,0;-75,49
83,947;113,9;-75,47
84,268;115,3;-72,91
84,588;114,5;-74,02
84,909;111,9;-71,46
85,229;111,9;-72,98
85,550;115,5;-73,59
85,870;117,1;-77,80
86,190;120,0;-80,71
86,511;121,7;-83,32
86,831;120,2;-81,50
87,152;119,0;-83,69
87,472;121,6;-83,89
87,792;121,7;-83,91
88,113;116,1;-81,15
88,433;118,1;-83,47
88,754;120,9;-84,23
89,074;120,7;-85,45
89,394;120,2;-83,51
89,715;120,8;-83,97
90,035;122,7;-80,32
90,356;127,1;-83,24
90,676;125,9;-83,87
90,996;127,4;-79,34
91,317;127,7;-81,66
91,637;128,1;-79,99
91,958;129,1;-79,29
92,278;132,0;-81,95
92,599;132,3;-83,59
92,919;132,0;-83,73
93,239;132,8;-84,33
93,560;134,3;-85,40
93,880;135,7;-85,49
94,201;134,9;-85,51
94,521;130,8;-80,65
94,841;130,3;-82,73
95,162;129,9;-80,24
95,482;131,0;-79,39
95,803;127,7;-76,43
96,123;125,6;-73,83
96,443;122,9;-71,25
96,764;124,9;-71,41
97,084;124,9;-67,54
97,405;123,8;-72,74
97,725;123,9;-76,62
98,045;127,4;-76,98
98,366;124,4;-76,31
98,686;123,7;-79,26
99,007;120,1;-79,63
99,327;121,6;-79,05
99,648;119,5;-80,35
99,968;117,6;-85,34
100,288;117,1;-83,24
100,609;117,7;-81,51
100,929;117,1;-82,84
101,250;117,4;-83,07
101,570;118,9;-77,77
101,890;122,0;-77,43
102,211;125,2;-76,16
102,531;127,1;-78,00
102,852;126,2;-74,80
103,172;127,6;-74,89
103,492;126,5;-74,84
103,813;130,7;-78,16
104,133;136,2;-72,48
104,454;136,0;-72,95
104,774;135,2;-73,14
105,095;133,0;-73,66
105,415;135,6;-72,72
105,735;136,5;-73,55
106,056;131,5;-74,68
106,376;132,8;-76,44
106,697;131,0;-80,79
107,017;133,2;-79,05
107,337;135,4;-81,32
107,658;135,3;-81,46
107,978;136,1;-80,15
108,299;136,5;-80,73
108,619;137,9;-83,76
108,939;136,5;-81,08
109,260;135,5;-81,24
109,580;137,7;-82,15
109,901;136,4;-84,30
110,221;139,3;-81,16
110,541;134,4;-85,99
110,862;132,7;-85,51
111,182;130,2;-85,40
111,503;127,6;-84,83
111,823;125,8;-82,93
112,144;126,1;-79,33
112,464;127,0;-74,69
112,784;126,5;-76,54
113,105;125,6;-80,14
113,425;128,2;-84,49
113,746;133,1;-80,85
114,066;134,9;-77,86
114,386;133,2;-77,57
114,707;133,2;-78,50
115,027;129,9;-78,74
115,348;133,5;-79,94
115,668;135,6;-79,57
115,988;136,0;-81,36
116,309;138,3;-80,41
116,629;139,5;-84,25
116,950;138,8;-84,80
117,270;142,9;-84,32
117,591;143,8;-80,15
117,911;141,0;-78,07
118,231;144,0;-78,02
118,552;144,4;-79,02
118,872;143,9;-79,45
119,193;140,3;-77,06
119,513;140,1;-74,18
119,833;142,5;-77,65
120,154;143,3;-76,53
120,474;141,9;-75,65
120,795;142,3;-74,66
121,115;140,0;-74,88
121,435;137,6;-75,95
121,756;136,8;-72,26
122,076;135,7;-71,22
122,397;141,2;-71,23
122,717;139,8;-73,31
123,037;140,8;-75,28
123,358;141,3;-76,60
123,678;140,6;-77,36
123,999;140,2;-73,43
124,319;145,0;-75,37
124,640;147,2;-77,11
124,960;146,4;-75,83
125,280;145,6;-75,93
125,601;146,5;-74,51
125,921;148,2;-73,72
126,242;150,3;-70,35
126,562;151,2;-72,10
126,882;149,2;-71,49
127,203;151,0;-66,89
127,523;149,7;-65,66
127,844;149,7;-64,99
128,164;148,8;-64,53
128,484;149,5;-62,31
128,805;145,4;-62,76
129,125;146,4;-63,77
129,446;147,3;-65,32
129,766;149,3;-67,40
130,087;149,2;-67,96
130,407;148,1;-67,14
130,727;149,8;-67,11
131,048;151,3;-66,71
131,368;149,7;-68,91
131,689;151,9;-71,52
132,009;155,6;-73,07
132,329;156,6;-71,69
132,650;154,0;-72,67
132,970;154,4;-72,63
133,291;157,9;-71,98
133,611;152,5;-74,04
133,931;155,9;-77,32
134,252;157,8;-76,28
134,572;157,9;-75,18
134,893;157,6;-71,96
135,213;159,0;-72,66
135,533;160,9;-72,80
135,854;159,2;-69,43
136,174;163,7;-69,24
136,495;168,2;-72,81
136,815;169,9;-74,36
137,136;173,0;-74,87
137,456;173,0;-74,76
137,776;176,0;-75,43
138,097;176,7;-75,00
138,417;173,4;-72,27
138,738;178,9;-73,13
139,058;182,8;-74,85
139,378;185,7;-75,31
139,699;184,4;-76,90
140,019;185,7;-75,60
140,340;183,2;-72,85
140,660;177,3;-73,37
140,980;179,3;-72,90
141,301;179,7;-71,86
141,621;178,5;-71,54
141,942;181,7;-71,26
142,262;180,9;-68,20
142,583;181,7;-63,94
142,903;181,4;-63,16
143,223;182,7;-61,05
143,544;182,9;-59,77
143,864;182,5;-58,26
144,185;183,9;-58,51
144,505;185,0;-57,43
144,825;185,2;-61,78
145,146;186,1;-61,32
145,466;185,9;-63,08
145,787;183,3;-64,12
146,107;181,6;-67,05
146,427;183,1;-69,82
146,748;177,3;-71,11
147,068;178,7;-72,41
147,389;181,3;-73,23
147,709;185,0;-75,93
148,029;183,6;-69,33
148,350;184,2;-67,80
148,670;181,2;-69,65
148,991;182,5;-71,65
149,311;185,7;-70,07
149,632;184,7;-68,95
149,952;184,7;-69,38
150,272;191,0;-71,63
150,593;191,8;-71,48
150,913;189,5;-76,67
151,234;188,0;-81,46
151,554;184,9;-82,53
151,874;188,5;-85,17
152,195;187,9;-88,66
152,515;187,2;-89,00
152,836;185,5;-88,39
153,156;184,8;-89,33
153,476;187,3;-91,48
153,797;186,7;-96,32
154,117;187,4;-91,95
154,438;185,2;-88,37
154,758;188,6;-89,86
155,079;187,5;-92,89
155,399;189,8;-97,04
155,719;190,9;-96,43
156,040;188,8;-92,11
156,360;188,1;-95,69
156,681;187,4;-96,03
157,001;185,5;-92,96
157,321;183,6;-93,05
157,642;183,6;-90,89
157,962;180,7;-90,24
158,283;178,5;-90,66
158,603;177,6;-85,37
158,923;176,0;-84,34
159,244;177,9;-85,81
159,564;179,7;-82,53
159,885;178,2;-86,89
160,205;176,6;-87,30
160,525;174,1;-89,20
160,846;174,1;-87,91
161,166;171,2;-84,85
161,487;167,9;-86,04
161,807;166,3;-85,54
162,128;162,1;-84,51
162,448;163,6;-86,65
162,768;165,0;-91,27
163,089;166,9;-94,29
163,409;170,1;-95,60
163,730;170,2;-95,53
164,050;168,6;-95,26
164,370;165,4;-98,70
164,691;168,8;-95,70
165,011;168,6;-95,85
165,332;168,9;-95,32
165,652;170,6;-93,41
165,972;168,8;-92,68
166,293;167,8;-96,53
166,613;168,5;-95,91
166,934;168,9;-95,12
167,254;168,6;-95,50
167,574;168,1;-95,73
167,895;168,5;-95,58
168,215;169,0;-99,11
168,536;169,4;-97,84
168,856;171,7;-100,3
169,177;169,9;-103,3
169,497;167,9;-106,3
169,817;167,8;-105,0
170,138;164,1;-104,3
170,458;166,9;-105,8
170,779;164,5;-105,3
171,099;162,9;-107,4
171,419;162,9;-107,9
171,740;160,8;-103,7
172,060;162,7;-105,9
172,381;160,4;-103,4
172,701;158,7;-105,5
173,021;158,2;-107,3
173,342;157,9;-107,4
173,662;158,3;-104,9
173,983;153,5;-105,5
174,303;157,1;-107,3
174,624;157,9;-107,1
174,944;155,3;-110,5
175,264;155,3;-109,5
175,585;155,6;-113,6
175,905;151,7;-114,3
176,226;152,2;-116,5
176,546;152,6;-118,3
176,866;154,9;-115,0
177,187;154,4;-115,4
177,507;154,3;-113,3
177,828;153,2;-110,7
178,148;151,3;-111,1
178,468;151,3;-114,1
178,789;151,2;-111,6
179,109;154,3;-109,5
179,430;152,5;-111,3
179,750;153,5;-114,5
180,070;151,9;-115,3
180,391;152,6;-117,1
180,711;155,7;-115,6
181,032;156,6;-117,3
181,352;157,7;-118,5
181,673;156,2;-121,1
181,993;155,4;-116,8
182,313;156,1;-112,5
182,634;151,2;-113,1
182,954;153,3;-111,7
183,275;153,8;-113,6
183,595;153,9;-115,1
183,915;158,1;-119,0
184,236;157,2;-118,0
184,556;157,8;-120,3
184,877;157,1;-124,6
185,197;158,0;-124,1
185,517;162,4;-118,6
185,838;164,1;-118,2
186,158;163,8;-121,6
186,479;164,5;-119,1
186,799;162,2;-117,0
187,120;164,8;-118,9
187,440;162,5;-116,5
187,760;162,1;-115,2
188,081;164,2;-117,7
188,401;167,3;-111,8
188,722;172,3;-107,9
189,042;174,4;-111,7
189,362;174,5;-111,0
189,683;174,6;-106,3
190,003;180,9;-105,9
190,324;179,2;-103,5
190,644;179,2;-103,9
190,964;178,7;-98,76
191,285;174,7;-95,90
191,605;177,5;-94,79
191,926;179,7;-95,76
192,246;181,1;-94,34
192,566;185,9;-98,76
192,887;186,6;-99,90
193,207;186,2;-102,1
193,528;187,5;-99,20
193,848;185,3;-103,3
194,169;186,7;-103,4
194,489;187,1;-102,5
194,809;187,2;-98,05
195,130;184,4;-99,44
195,450;186,1;-99,57
195,771;186,0;-99,59
196,091;185,8;-97,16
196,411;181,7;-95,49
196,732;179,7;-95,95
197,052;178,8;-95,90
197,373;182,1;-95,83
197,693;181,3;-95,84
198,013;182,6;-94,12
198,334;183,9;-87,34
198,654;176,3;-85,02
198,975;178,8;-83,71
199,295;181,8;-81,96
199,616;181,1;-81,62
199,936;183,8;-81,68
200,256;179,6;-79,72
200,577;178,9;-82,77
200,897;176,0;-84,40
201,218;175,2;-84,38
201,538;173,7;-87,94
201,858;170,6;-88,43
202,179;171,3;-88,64
202,499;171,0;-88,44
202,820;171,1;-90,05
203,140;169,0;-88,93
203,460;172,6;-85,37
203,781;170,4;-82,38
204,101;175,5;-80,14
204,422;173,5;-80,61
204,742;171,2;-79,42
205,062;173,1;-80,37
205,383;176,0;-79,87
205,703;176,1;-77,87
206,024;176,4;-81,98
206,344;179,6;-85,93
206,665;177,4;-85,69
206,985;177,0;-85,77
207,305;174,5;-84,78
207,626;174,0;-83,67
207,946;176,2;-80,99
208,267;177,5;-85,19
208,587;177,9;-89,47
208,907;178,0;-89,84
209,228;178,7;-93,67
209,548;180,4;-94,14
209,869;178,7;-88,90
210,189;178,0;-85,88
210,509;176,1;-85,19
210,830;176,5;-81,30
211,150;178,8;-74,60
211,471;175,8;-73,71
211,791;175,1;-77,10
212,112;172,2;-77,28
212,432;169,8;-74,94
212,752;167,0;-71,90
213,073;164,6;-74,66
213,393;165,1;-79,19
213,714;166,8;-80,05
214,034;165,0;-80,64
214,354;165,1;-78,54
214,675;169,3;-79,37
214,995;168,6;-76,83
215,316;167,5;-75,99
215,636;166,7;-75,86
215,956;167,6;-73,37
216,277;164,5;-74,52
216,597;164,9;-74,46
216,918;162,5;-70,01
217,238;160,6;-70,55
217,558;156,9;-67,28
217,879;157,8;-69,17
218,199;155,9;-70,52
218,520;155,0;-70,69
218,840;154,7;-70,68
219,161;157,3;-70,21
219,481;161,1;-71,94
219,801;163,1;-68,48
220,122;165,3;-70,08
220,442;168,0;-71,75
220,763;167,4;-70,31
221,083;167,2;-69,20
221,403;165,5;-66,87
221,724;165,3;-59,84
222,044;166,0;-59,85
222,365;165,7;-56,38
222,685;161,4;-55,24
223,005;161,3;-57,00
223,326;161,9;-54,58
223,646;159,2;-54,41
223,967;161,5;-56,22
224,287;162,2;-60,85
224,607;161,3;-58,91
224,928;154,9;-58,36
225,248;151,1;-57,77
225,569;155,1;-57,68
225,889;155,4;-56,78
226,210;157,6;-53,82
226,530;157,4;-53,95
226,850;159,0;-56,39
227,171;158,0;-63,21
227,491;154,8;-58,14
227,812;158,4;-61,69
228,132;162,9;-61,37
228,452;157,4;-64,65
228,773;158,2;-65,10
229,093;160,6;-62,78
229,414;158,6;-63,18
229,734;158,9;-60,90
230,054;154,1;-59,63
230,375;153,4;-61,61
230,695;156,8;-61,49
231,016;154,5;-64,23
231,336;158,1;-64,73
231,657;156,5;-61,90
231,977;156,6;-60,89
232,297;154,4;-61,76
232,618;155,9;-58,35
232,938;155,2;-56,82
233,259;155,5;-60,04
233,579;154,7;-61,86
233,899;152,2;-60,82
234,220;152,6;-60,68
234,540;151,3;-61,43
234,861;149,0;-58,09
235,181;148,2;-56,32
235,501;148,4;-58,45
235,822;145,2;-60,07
236,142;142,5;-56,36
236,463;142,2;-61,15
236,783;141,5;-61,86
237,103;139,3;-62,60
237,424;139,0;-60,62
237,744;138,3;-57,95
238,065;137,2;-58,12
238,385;137,6;-52,93
238,706;134,7;-48,07
239,026;134,5;-49,78
239,346;135,5;-49,57
239,667;138,5;-46,41
239,987;138,6;-47,37
240,308;140,9;-46,33
240,628;142,0;-45,57
240,948;141,6;-45,17
241,269;139,2;-41,46
241,589;135,1;-41,80
241,910;136,0;-42,13
242,230;134,3;-42,01
242,550;133,9;-38,87
242,871;133,3;-40,03
243,191;135,5;-38,51
243,512;134,5;-39,82
243,832;134,8;-38,90
244,153;138,3;-38,91
244,473;138,7;-43,06
244,793;138,2;-46,83
245,114;142,0;-46,53
245,434;141,5;-42,50
245,755;140,0;-43,37
246,075;141,2;-44,46
246,395;145,5;-44,93
246,716;143,6;-43,47
247,036;141,9;-42,06
247,357;143,9;-45,36
247,677;144,7;-48,32
247,997;147,5;-49,61
248,318;149,8;-48,70
248,638;156,4;-47,85
248,959;160,8;-50,44
249,279;161,7;-49,45
249,599;157,5;-47,99
249,920;157,6;-50,10
250,240;156,2;-51,58
250,561;154,0;-49,05
250,881;152,9;-47,10
251,202;151,7;-45,21
251,522;151,7;-45,82
251,842;151,8;-46,44
252,163;151,9;-44,97
252,483;153,3;-45,56
252,804;150,5;-45,55
253,124;147,0;-42,26
253,444;149,4;-42,85
253,765;149,2;-42,00
254,085;153,1;-41,96
254,406;149,4;-42,36
254,726;148,8;-42,49
255,046;149,5;-40,83
255,367;149,0;-37,10
255,687;145,2;-37,85
256,008;142,0;-39,96
256,328;142,8;-40,27
256,649;142,0;-40,40
256,969;143,4;-43,41
257,289;142,9;-40,83
257,610;141,0;-39,70
257,930;142,3;-36,80
258,251;143,9;-37,90
258,571;144,3;-39,73
258,891;142,7;-41,49
259,212;144,8;-43,08
259,532;144,8;-44,44
259,853;143,7;-43,59
260,173;140,0;-44,53
260,493;139,3;-46,53
260,814;139,2;-49,13
261,134;139,9;-47,27
261,455;137,9;-48,18
261,775;134,4;-44,59
262,095;132,5;-43,08
262,416;133,2;-43,87
262,736;134,2;-47,18
263,057;132,2;-44,67
263,377;131,9;-39,62
263,698;130,8;-37,84
264,018;133,9;-36,98
264,338;134,6;-38,60
264,659;135,6;-35,81
264,979;133,9;-32,83
265,300;133,9;-33,26
265,620;131,3;-30,95
265,940;130,7;-30,82
266,261;130,3;-33,18
266,581;132,9;-34,24
266,902;130,9;-34,84
267,222;130,4;-32,37
267,542;130,7;-32,13
267,863;127,3;-30,96
268,183;126,7;-31,75
268,504;124,1;-30,57
268,824;121,5;-31,52
269,145;122,6;-32,12
269,465;117,0;-33,57
269,785;111,7;-29,20
270,106;111,1;-31,81
270,426;111,2;-27,82
270,747;111,3;-29,30
271,067;115,7;-30,13
271,387;114,8;-31,85
271,708;116,8;-39,67
272,028;115,8;-44,35
272,349;116,3;-45,55
272,669;116,0;-41,61
272,989;112,8;-41,73
273,310;112,0;-41,63
273,630;113,3;-44,57
273,951;111,1;-49,78
274,271;111,8;-55,09
274,591;112,5;-56,43
274,912;116,5;-60,90
275,232;121,5;-60,25
275,553;119,6;-60,27
275,873;119,7;-62,19
276,194;120,6;-62,33
276,514;121,8;-58,69
276,834;114,7;-58,42
277,155;111,6;-58,09
277,475;115,6;-52,96
277,796;117,5;-51,23
278,116;113,6;-52,88
278,436;114,5;-49,24
278,757;119,6;-47,08
279,077;117,7;-48,64
279,398;121,6;-48,39
279,718;121,3;-48,88
280,038;120,6;-45,49
280,359;120,0;-45,48
280,679;123,5;-46,59
281,000;123,2;-48,75
281,320;121,4;-44,72
281,640;123,7;-44,58
281,961;120,6;-43,62
282,281;118,2;-44,25
282,602;120,2;-46,11
282,922;121,2;-46,92
283,243;123,9;-45,57
283,563;125,4;-48,89
283,883;124,5;-49,22
284,204;126,0;-46,78
284,524;132,9;-50,38
284,845;134,8;-52,13
285,165;130,5;-49,62
285,485;127,9;-49,21
285,806;131,5;-49,27
286,126;135,6;-43,94
286,447;139,6;-44,62
286,767;136,9;-39,29
287,087;136,2;-43,96
287,408;137,7;-44,80
287,728;140,7;-45,40
288,049;140,4;-47,82
288,369;141,1;-48,91
288,690;143,4;-50,26
289,010;149,4;-51,28
289,330;150,8;-51,59
289,651;149,1;-49,81
289,971;145,2;-45,59
290,292;147,5;-44,14
290,612;149,2;-43,18
290,932;149,3;-43,58
291,253;149,2;-43,00
291,573;148,6;-43,60
291,894;144,3;-45,31
292,214;139,2;-43,83
292,534;141,0;-44,30
292,855;136,5;-43,60
293,175;133,3;-36,80
293,496;132,6;-35,75
293,816;131,5;-32,05
294,136;130,9;-29,29
294,457;132,8;-27,80
294,777;131,9;-31,06
295,098;131,5;-30,05
295,418;132,4;-31,60
295,739;133,1;-30,61
296,059;134,5;-34,46
296,379;134,5;-35,38
296,700;131,9;-36,38
297,020;131,6;-39,30
297,341;129,9;-36,83
297,661;131,3;-38,54
297,981;133,1;-38,38
298,302;133,7;-36,09
298,622;131,4;-36,63
298,943;133,1;-36,42
299,263;136,9;-36,83
299,583;137,3;-35,51
299,904;135,1;-35,26
300,224;133,1;-31,64
300,545;133,8;-27,41
300,865;133,5;-27,08
301,186;133,1;-27,21
301,506;132,1;-25,87
301,826;131,5;-23,05
302,147;130,9;-23,76
302,467;131,7;-21,76
302,788;131,6;-22,40
303,108;133,0;-21,77
303,428;131,4;-26,74
303,749;129,0;-20,97
304,069;128,5;-19,29
304,390;125,1;-24,72
304,710;123,8;-21,54
305,030;123,1;-24,36
305,351;124,3;-20,96
305,671;120,1;-22,76
305,992;116,9;-21,78
306,312;115,2;-18,43
306,632;112,4;-20,40
306,953;108,6;-20,05
307,273;107,9;-25,19
307,594;110,7;-25,29
307,914;108,9;-22,96
308,235;109,2;-19,28
308,555;108,9;-18,66
308,875;110,9;-16,70
309,196;113,7;-18,15
309,516;116,2;-15,81
309,837;118,6;-13,88
310,157;117,9;-15,03
310,477;118,5;-14,08
310,798;118,2;-15,50
311,118;120,9;-15,11
311,439;123,7;-17,05
311,759;126,8;-16,56
312,079;124,8;-17,63
312,400;123,2;-21,05
312,720;122,2;-23,89
313,041;125,2;-21,87
313,361;124,8;-21,15
313,682;129,2;-21,16
314,002;128,0;-19,17
314,322;126,9;-15,87
314,643;125,7;-11,60
314,963;124,7;-10,67
315,284;122,5;-10,11
315,604;122,7;-11,54
315,924;125,1;-12,41
316,245;123,3;-11,17
316,565;120,9;-12,50
316,886;121,5;-9,008
317,206;124,6;-11,29
317,526;125,8;-13,26
317,847;127,8;-13,19
318,167;127,6;-10,96
318,488;122,3;-9,891
318,808;124,6;-7,177
319,128;125,2;-13,05
319,449;125,1;-9,427
319,769;123,6;-10,03
320,090;122,0;-7,189
320,410;117,8;-6,155
320,731;119,4;-8,367
321,051;123,7;-6,914
321,371;123,1;-5,805
321,692;121,8;-2,514
322,012;126,3;-2,779
322,333;125,5;-1,181
322,653;126,7;-1,083
322,973;126,3;-4,808
323,294;125,6;-2,934
323,614;126,7;1,689
323,935;128,8;2,267
324,255;130,1;0,114
324,575;129,9;2,529
324,896;125,8;2,940
325,216;121,9;2,917
325,537;124,0;5,026
325,857;122,7;8,438
326,178;126,9;7,584
326,498;127,5;3,961
326,818;126,0;2,475
327,139;124,4;4,908
327,459;126,6;4,048
327,780;125,9;4,491
328,100;127,9;3,027
328,420;123,2;2,077
328,741;123,5;-1,043
329,061;119,2;1,573
329,382;118,8;0,293
329,702;118,1;3,356
330,022;116,9;4,430
330,343;112,4;6,410
330,663;109,4;6,517
330,984;109,7;4,695
331,304;107,7;7,947
331,624;108,4;7,988
331,945;110,8;4,280
332,265;109,2;7,858
332,586;108,5;4,567
332,906;107,1;3,625
333,227;104,8;4,362
333,547;106,0;-1,683
333,867;108,9;0,674
334,188;112,9;1,213
334,508;115,5;2,542
334,829;118,9;2,437
335,149;119,0;5,221
335,469;121,8;8,028
335,790;123,3;8,684
336,110;119,7;5,822
336,431;118,7;6,176
336,751;121,6;7,845
337,071;126,3;7,777
337,392;133,5;9,163
337,712;134,8;8,259
338,033;137,2;6,388
338,353;141,3;7,969
338,674;139,0;4,388
338,994;139,4;-1,264
339,314;144,5;1,031
339,635;143,8;-1,588
339,955;146,5;-1,027
340,276;146,6;-2,772
340,596;146,3;-0,475
340,916;145,5;-1,631
341,237;147,8;3,358
341,557;143,8;4,479
341,878;142,0;3,280
342,198;141,5;4,076
342,518;139,9;3,075
342,839;137,7;0,551
343,159;140,1;3,069
343,480;138,1;8,023
343,800;133,2;6,043
344,120;128,6;2,540
344,441;128,8;0,118
344,761;130,3;-1,541
345,082;129,7;1,040
345,402;129,0;1,519
345,723;132,1;5,175
346,043;134,0;10,40
346,363;135,9;6,901
346,684;137,2;5,941
347,004;135,9;2,631
347,325;133,0;1,142
347,645;130,2;1,564
347,965;128,9;5,797E-2
348,286;128,3;3,102
348,606;126,3;7,809
348,927;124,6;11,47
349,247;121,8;12,10
349,567;116,3;11,33
349,888;113,7;8,381
350,208;115,1;8,823
350,529;116,6;8,235
350,849;112,1;10,10
351,169;108,6;14,37
351,490;111,5;20,44
351,810;103,8;20,27
352,131;104,5;23,98
352,451;101,3;22,42
352,772;101,3;21,39
353,092;98,49;22,45
353,412;100,5;20,27
353,733;101,1;17,94
354,053;102,8;19,37
354,374;102,4;22,31
354,694;102,4;22,21
355,014;101,8;22,37
355,335;103,9;23,99
355,655;103,6;22,83
355,976;99,86;22,01
356,296;100,3;21,46
356,616;98,37;21,01
356,937;97,83;21,11
357,257;97,29;21,76
357,578;97,97;18,21
357,898;101,5;21,98
358,219;100,5;23,00
358,539;97,19;24,80
358,859;100,5;22,25
359,180;97,75;22,64
359,500;100,8;19,37
359,821;102,0;21,49
360,141;100,5;21,44
360,461;103,4;25,44
360,782;108,7;25,59
361,102;107,8;27,19
361,423;108,4;23,96
361,743;109,6;22,41
362,063;110,9;18,25
362,384;107,5;18,54
362,704;106,5;14,27
363,025;107,5;15,08
363,345;107,3;18,00
363,665;110,3;18,23
363,986;110,1;11,82
364,306;112,0;12,55
364,627;114,6;10,86
364,947;115,3;7,839
365,268;117,9;10,03
365,588;117,9;10,04
365,908;117,2;9,341
366,229;114,6;10,34
366,549;111,7;8,078
366,870;107,7;6,357
367,190;103,4;7,065
367,510;107,1;7,111
367,831;106,2;7,097
368,151;101,8;6,298
368,472;102,1;8,055
368,792;106,0;10,14
369,112;107,7;11,12
369,433;102,8;14,57
369,753;103,5;18,46
370,074;102,9;16,73
370,394;101,9;17,80
370,715;103,5;17,58
371,035;103,7;17,54
371,355;101,6;16,62
371,676;99,23;17,91
371,996;95,93;12,54
372,317;94,63;8,601
372,637;94,61;8,286
372,957;94,34;8,330
373,278;99,86;5,200
373,598;102,0;4,664
373,919;102,4;4,960
374,239;103,9;7,538
374,559;105,9;4,490
374,880;107,3;2,487
375,200;108,3;0,655
375,521;109,4;2,075
375,841;116,0;-2,600
376,161;113,1;-1,882
376,482;114,6;-6,066
376,802;116,6;-6,585
377,123;117,6;-4,693
377,443;118,2;-9,626
377,764;120,1;-9,407
378,084;120,4;-11,17
378,404;120,7;-9,654
378,725;125,8;-9,940
379,045;124,6;-9,710
379,366;126,0;-9,701
379,686;128,2;-12,16
380,006;130,7;-15,41
380,327;127,9;-14,30
380,647;126,9;-15,31
380,968;127,2;-12,81
381,288;127,2;-14,95
381,608;129,4;-15,11
381,929;130,5;-11,73
382,249;130,1;-8,947
382,570;127,2;-7,347
382,890;127,6;-8,405
383,211;127,5;-7,487
383,531;131,1;-9,278
383,851;131,7;-11,15
384,172;135,5;-10,31
384,492;136,7;-10,28
384,813;136,6;-7,673
