;Masse D;;
t;x;y;
0,000;4,961;225,4
0,320;2,108;228,8
0,641;-4,674;228,3
0,961;-5,334;225,9
1,282;-4,875;223,3
1,602;-7,980;226,5
1,922;-10,14;228,5
2,243;-6,470;231,0
2,563;-7,501;233,1
2,884;-11,74;230,8
3,204;-10,53;229,4
3,525;-10,97;221,7
3,845;-8,301;223,7
4,165;-6,989;229,2
4,486;-10,08;227,4
4,806;-10,76;227,2
5,127;-11,38;227,2
5,447;-13,43;228,7
5,767;-16,31;231,1
6,088;-17,93;231,7
6,408;-18,07;229,3
6,729;-18,21;231,4
7,049;-20,62;230,0
7,369;-18,55;230,1
7,690;-19,11;230,1
8,010;-22,34;230,4
8,331;-20,90;232,3
8,651;-18,65;232,3
8,971;-15,14;234,0
9,292;-19,67;235,7
9,612;-18,44;238,9
9,933;-14,07;238,7
10,253;-12,52;237,9
10,574;-15,10;234,6
10,894;-17,04;235,1
11,214;-18,56;236,3
11,535;-18,95;236,0
11,855;-17,50;235,6
12,176;-14,20;234,9
12,496;-9,965;235,5
12,816;-5,853;235,1
13,137;-5,779;235,4
13,457;-5,360;236,3
13,778;-9,544;236,6
14,098;-13,18;237,4
14,418;-13,85;242,2
14,739;-10,88;248,1
15,059;-8,185;249,3
15,380;-7,947;252,6
15,700;-3,440;258,2
16,021;-3,750;264,1
16,341;-4,089;264,6
16,661;-8,166;267,6
16,982;-2,075;268,4
17,302;-0,740;268,8
17,623;5,254;271,0
17,943;7,320;275,3
18,263;6,320;274,7
18,584;5,258;264,1
18,904;2,058;259,4
19,225;3,600;258,2
19,545;2,451;257,4
19,865;3,391;256,7
20,186;-0,286;256,5
20,506;1,804;259,9
20,827;4,565;260,7
21,147;4,162;256,2
21,467;4,106;254,2
21,788;4,999;254,6
22,108;2,749;256,3
22,429;3,093;258,1
22,749;0,158;257,9
23,070;-3,387;256,4
23,390;-3,014;259,1
23,710;-3,695;264,6
24,031;-4,131;266,8
24,351;-1,805;272,4
24,672;-2,180;271,5
24,992;-2,383;271,2
25,312;-1,940;273,2
25,633;-1,912;273,5
25,953;-5,491;275,2
26,274;-0,216;272,6
26,594;0,183;272,0
26,914;0,212;280,1
27,235;1,699;281,1
27,555;3,695;282,4
27,876;7,200;283,8
28,196;6,764;282,7
28,517;6,770;283,2
28,837;6,713;284,2
29,157;7,707;287,0
29,478;16,77;286,3
29,798;19,55;289,5
30,119;22,93;293,6
30,439;21,07;295,1
30,759;20,68;296,1
31,080;19,09;296,1
31,400;20,68;298,6
31,721;22,29;300,7
32,041;19,06;301,8
32,361;20,49;302,2
32,682;19,14;301,7
33,002;18,64;301,2
33,323;18,60;300,8
33,643;17,81;299,0
33,963;17,16;299,1
34,284;20,82;298,0
34,604;20,30;296,0
34,925;17,53;293,0
35,245;17,77;293,1
35,566;17,91;292,3
35,886;15,09;290,6
36,206;20,05;287,3
36,527;21,63;287,8
36,847;21,37;288,3
37,168;21,36;288,6
37,488;20,97;284,6
37,808;21,97;282,7
38,129;23,72;285,1
38,449;25,89;285,7
38,770;27,87;286,0
39,090;27,57;282,7
39,410;27,91;282,8
39,731;28,12;282,0
40,051;24,24;281,2
40,372;22,50;277,8
40,692;22,23;276,1
41,012;22,76;277,2
41,333;22,56;272,7
41,653;23,57;270,9
41,974;25,11;272,0
42,294;29,72;271,9
42,615;27,80;269,8
42,935;28,90;272,3
43,255;26,30;270,3
43,576;31,06;269,5
43,896;28,65;270,5
44,217;25,35;271,2
44,537;26,27;271,3
44,857;24,60;271,7
45,178;21,84;274,2
45,498;20,22;271,6
45,819;16,24;271,1
46,139;13,09;273,6
46,459;8,425;273,7
46,780;9,204;273,6
47,100;8,366;275,7
47,421;10,01;274,8
47,741;9,985;269,0
48,062;9,869;267,5
48,382;12,24;264,7
48,702;8,862;259,9
49,023;11,24;261,5
49,343;14,29;259,6
49,664;14,95;259,7
49,984;13,82;258,8
50,304;15,63;260,7
50,625;15,07;265,3
50,945;15,21;265,7
51,266;14,84;266,8
51,586;14,15;263,1
51,906;10,46;265,3
52,227;6,630;271,5
52,547;7,220;273,1
52,868;7,469;275,1
53,188;6,668;275,3
53,508;7,734;277,5
53,829;8,474;275,1
54,149;6,426;269,7
54,470;6,194;271,7
54,790;9,505;269,1
55,111;8,172;271,6
55,431;9,313;275,0
55,751;9,220;274,0
56,072;8,466;276,9
56,392;5,824;275,4
56,713;2,365;275,6
57,033;0,388;268,1
57,353;2,308;269,7
57,674;3,206;265,7
57,994;3,925;269,1
58,315;4,413;269,6
58,635;3,956;267,0
58,955;7,874;268,9
59,276;8,675;263,9
59,596;5,693;261,0
59,917;3,928;260,7
60,237;-1,977E-2;259,4
60,558;-0,796;257,6
60,878;-1,435;258,5
61,198;3,576;259,6
61,519;2,368;262,3
61,839;1,014;261,9
62,160;-0,328;263,4
62,480;3,030E-2;266,8
62,800;1,072;267,8
63,121;-1,973;272,3
63,441;-1,677;269,1
63,762;-3,419;265,1
64,082;-0,608;261,8
64,402;0,379;259,2
64,723;-2,442;261,7
65,043;0,155;258,2
65,364;2,181;258,1
65,684;3,567;259,9
66,004;3,216;259,1
66,325;1,014;256,5
66,645;0,715;256,6
66,966;2,169;260,0
67,286;7,327;258,4
67,607;5,162;259,5
67,927;7,417;258,4
68,247;7,135;262,1
68,568;5,247;266,7
68,888;7,269;266,6
69,209;4,347;270,4
69,529;3,196;273,7
69,849;2,259;270,5
70,170;-2,417;267,0
70,490;-0,259;267,2
70,811;-0,266;264,5
71,131;-2,178;270,0
71,451;-0,427;271,2
71,772;-0,572;269,8
72,092;-2,377;269,7
72,413;-4,649;266,8
72,733;-5,255;272,0
73,054;-11,66;270,4
73,374;-9,192;268,1
73,694;-13,37;266,1
74,015;-11,82;265,0
74,335;-14,94;264,4
74,656;-14,45;268,3
74,976;-16,23;266,4
75,296;-18,65;264,5
75,617;-19,22;265,9
75,937;-17,98;269,1
76,258;-18,92;270,6
76,578;-18,81;271,4
76,898;-19,09;271,8
77,219;-22,11;272,3
77,539;-19,13;276,3
77,860;-17,79;277,2
78,180;-18,31;280,7
78,500;-15,37;280,9
78,821;-18,70;280,6
79,141;-20,24;280,3
79,462;-20,47;281,3
79,782;-22,25;281,8
80,103;-25,43;278,7
80,423;-23,29;273,5
80,743;-22,13;269,9
81,064;-20,46;269,1
81,384;-19,64;264,7
81,705;-20,89;264,1
82,025;-20,40;263,2
82,345;-19,90;263,7
82,666;-21,38;263,8
82,986;-23,15;265,5
83,307;-26,11;267,6
83,627;-27,36;259,8
83,947;-23,27;262,7
84,268;-22,72;265,0
84,588;-17,51;261,6
84,909;-16,70;259,4
85,229;-13,95;255,0
85,550;-12,85;255,0
85,870;-13,87;257,8
86,190;-14,70;261,5
86,511;-16,00;257,7
86,831;-7,166;253,2
87,152;-6,715;255,7
87,472;-7,161;251,8
87,792;-3,308;249,7
88,113;-1,394;252,3
88,433;-3,538;249,4
88,754;-2,585;249,4
89,074;-3,091;252,7
89,394;-5,664;252,4
89,715;-7,769;250,4
90,035;-7,498;250,5
90,356;-7,965;251,3
90,676;-8,417;251,9
90,996;-10,96;251,4
91,317;-11,23;253,8
91,637;-9,016;254,5
91,958;-10,79;252,0
92,278;-13,34;251,9
92,599;-11,27;249,1
92,919;-9,754;247,7
93,239;-8,488;245,6
93,560;-5,905;245,8
93,880;-5,483;245,5
94,201;-6,373;248,5
94,521;-6,526;245,3
94,841;-7,101;243,8
95,162;-8,822;245,1
95,482;-8,974;245,9
95,803;-10,75;248,7
96,123;-13,38;250,6
96,443;-16,40;252,8
96,764;-17,08;253,9
97,084;-15,63;258,1
97,405;-13,07;260,5
97,725;-18,30;261,4
98,045;-16,76;261,4
98,366;-21,99;261,6
98,686;-22,61;264,0
99,007;-22,19;266,4
99,327;-23,49;269,8
99,648;-23,18;272,4
99,968;-23,82;274,5
100,288;-26,69;277,5
100,609;-27,58;277,2
100,929;-30,81;282,4
101,250;-28,15;280,9
101,570;-27,70;279,8
101,890;-28,15;282,4
102,211;-31,24;281,4
102,531;-31,40;279,4
102,852;-33,83;278,9
103,172;-31,34;278,9
103,492;-35,08;275,7
103,813;-35,72;275,0
104,133;-34,31;277,7
104,454;-39,06;279,2
104,774;-38,39;275,3
105,095;-39,11;275,2
105,415;-40,74;276,4
105,735;-40,90;277,4
106,056;-40,78;280,6
106,376;-41,38;281,2
106,697;-41,33;281,4
107,017;-40,41;281,0
107,337;-39,99;281,1
107,658;-41,78;280,4
107,978;-42,54;278,8
108,299;-43,16;278,4
108,619;-43,02;279,5
108,939;-44,73;281,1
109,260;-47,66;282,3
109,580;-47,80;278,0
109,901;-47,42;277,9
110,221;-46,85;281,2
110,541;-49,63;283,4
110,862;-46,85;283,3
111,182;-46,98;283,2
111,503;-49,41;280,7
111,823;-50,30;276,3
112,144;-45,94;275,7
112,464;-46,46;274,8
112,784;-42,23;276,9
113,105;-38,88;274,4
113,425;-41,64;268,6
113,746;-42,88;264,1
114,066;-45,14;261,7
114,386;-44,58;261,2
114,707;-42,27;258,9
115,027;-42,72;260,0
115,348;-42,24;257,9
115,668;-46,83;263,0
115,988;-46,57;264,2
116,309;-44,69;261,0
116,629;-44,24;265,7
116,950;-46,84;268,7
117,270;-43,39;269,1
117,591;-42,82;269,5
117,911;-39,23;269,5
118,231;-40,56;269,9
118,552;-41,23;269,0
118,872;-42,74;269,0
119,193;-41,14;269,6
119,513;-42,73;269,1
119,833;-44,62;269,4
120,154;-45,96;268,6
120,474;-47,85;264,4
120,795;-47,04;264,6
121,115;-50,19;264,0
121,435;-48,63;264,3
121,756;-48,13;265,5
122,076;-47,64;264,8
122,397;-47,87;264,6
122,717;-48,78;262,7
123,037;-48,49;261,3
123,358;-48,55;265,6
123,678;-49,65;267,1
123,999;-51,05;264,8
124,319;-51,14;266,7
124,640;-48,97;264,7
124,960;-47,70;268,3
125,280;-44,70;270,6
125,601;-49,05;272,6
125,921;-45,35;268,6
126,242;-48,61;265,5
126,562;-48,75;265,6
126,882;-48,52;266,2
127,203;-46,52;268,4
127,523;-45,23;264,9
127,844;-43,55;264,1
128,164;-44,31;264,9
128,484;-43,58;270,3
128,805;-42,81;270,1
129,125;-43,35;274,6
129,446;-46,44;274,9
129,766;-45,82;267,0
130,087;-45,60;270,1
130,407;-45,14;266,7
130,727;-46,18;264,6
131,048;-46,11;259,9
131,368;-45,65;260,6
131,689;-45,93;255,4
132,009;-48,66;257,4
132,329;-55,00;254,6
132,650;-52,91;254,6
132,970;-53,10;256,7
133,291;-55,22;255,8
133,611;-55,17;258,4
133,931;-55,16;254,0
134,252;-52,41;252,2
134,572;-49,58;252,7
134,893;-47,57;253,2
135,213;-46,47;253,7
135,533;-45,58;255,5
135,854;-46,48;257,3
136,174;-50,05;261,1
136,495;-49,99;259,6
136,815;-52,07;261,1
137,136;-51,96;257,1
137,456;-48,94;257,2
137,776;-51,65;254,4
138,097;-55,82;251,6
138,417;-54,78;251,2
138,738;-55,55;251,8
139,058;-54,32;249,4
139,378;-55,32;249,1
139,699;-54,11;249,4
140,019;-51,19;251,6
140,340;-51,24;255,5
140,660;-51,14;256,0
140,980;-51,61;260,2
141,301;-53,49;260,2
141,621;-55,47;257,3
141,942;-51,32;260,6
142,262;-53,07;261,7
142,583;-54,55;258,4
142,903;-55,01;260,5
143,223;-54,94;254,0
143,544;-55,50;252,4
143,864;-53,44;253,2
144,185;-53,63;252,9
144,505;-55,86;251,7
144,825;-56,96;250,3
145,146;-55,23;251,8
145,466;-57,49;249,5
145,787;-58,65;248,7
146,107;-61,82;250,5
146,427;-62,86;252,3
146,748;-64,56;254,2
147,068;-65,33;256,1
147,389;-65,87;257,2
147,709;-61,78;258,3
148,029;-66,04;255,4
148,350;-63,98;255,3
148,670;-69,11;254,1
148,991;-69,04;253,8
149,311;-66,98;255,1
149,632;-72,01;253,8
149,952;-75,29;254,4
150,272;-73,43;250,3
150,593;-76,17;251,3
150,913;-78,17;255,7
151,234;-81,16;259,7
151,554;-85,48;257,6
151,874;-84,53;256,0
152,195;-87,97;257,0
152,515;-90,23;259,7
152,836;-89,23;258,9
153,156;-95,10;259,4
153,476;-96,35;257,8
153,797;-97,95;263,2
154,117;-94,48;262,8
154,438;-94,99;266,7
154,758;-99,50;262,2
155,079;-99,48;261,8
155,399;-99,39;261,9
155,719;-97,48;264,7
156,040;-98,30;264,2
156,360;-98,36;261,9
156,681;-101,4;254,6
157,001;-99,63;254,0
157,321;-98,68;255,7
157,642;-99,69;252,7
157,962;-100,3;255,1
158,283;-102,1;253,8
158,603;-106,4;251,9
158,923;-107,2;252,5
159,244;-110,1;252,0
159,564;-110,1;246,9
159,885;-107,3;246,1
160,205;-106,9;243,2
160,525;-107,0;243,8
160,846;-107,1;240,4
161,166;-114,0;235,5
161,487;-116,1;233,6
161,807;-114,2;232,8
162,128;-113,3;236,2
162,448;-110,2;241,1
162,768;-107,9;241,8
163,089;-108,6;243,3
163,409;-115,4;243,7
163,730;-117,6;245,7
164,050;-116,3;244,7
164,370;-116,9;246,4
164,691;-111,6;247,0
165,011;-110,5;246,7
165,332;-109,5;248,2
165,652;-108,6;248,2
165,972;-109,9;248,2
166,293;-113,5;248,6
166,613;-113,4;249,9
166,934;-111,1;249,9
167,254;-116,1;248,7
167,574;-116,1;253,9
167,895;-118,1;255,0
168,215;-122,3;252,1
168,536;-123,9;250,8
168,856;-122,5;247,6
169,177;-120,1;249,2
169,497;-116,5;249,5
169,817;-115,8;251,2
170,138;-115,8;249,2
170,458;-118,0;247,9
170,779;-120,7;247,6
171,099;-117,3;248,9
171,419;-116,3;252,7
171,740;-114,9;251,1
172,060;-113,9;247,9
172,381;-113,8;246,6
172,701;-112,8;243,0
173,021;-112,3;244,7
173,342;-114,6;242,0
173,662;-113,6;243,7
173,983;-113,6;244,2
174,303;-111,9;243,9
174,624;-115,7;243,7
174,944;-118,5;245,3
175,264;-118,5;245,2
175,585;-118,8;248,4
175,905;-117,0;250,4
176,226;-114,3;248,4
176,546;-113,9;245,8
176,866;-119,0;244,7
177,187;-119,3;245,1
177,507;-119,2;242,6
177,828;-119,8;242,7
178,148;-118,7;244,9
178,468;-119,5;245,7
178,789;-118,9;247,5
179,109;-119,3;248,5
179,430;-117,5;245,2
179,750;-116,7;247,4
180,070;-116,7;245,7
180,391;-115,5;246,0
180,711;-118,9;244,6
181,032;-121,2;245,2
181,352;-121,0;246,8
181,673;-123,8;247,5
181,993;-123,8;247,7
182,313;-123,4;249,4
182,634;-123,8;249,5
182,954;-119,4;247,4
183,275;-119,1;247,0
183,595;-117,3;248,2
183,915;-117,3;250,2
184,236;-113,8;247,5
184,556;-112,4;249,5
184,877;-110,2;253,3
185,197;-111,6;253,5
185,517;-116,3;255,2
185,838;-114,5;253,7
186,158;-113,0;255,6
186,479;-110,9;253,2
186,799;-112,0;256,6
187,120;-111,6;258,2
187,440;-112,1;257,8
187,760;-112,3;255,2
188,081;-109,5;254,6
188,401;-106,0;253,8
188,722;-98,09;254,3
189,042;-93,25;256,1
189,362;-93,97;258,4
189,683;-95,16;258,1
190,003;-96,58;256,8
190,324;-96,67;256,9
190,644;-97,46;256,9
190,964;-97,90;257,2
191,285;-100,4;251,7
191,605;-99,38;253,6
191,926;-98,95;252,5
192,246;-99,97;252,0
192,566;-101,6;255,4
192,887;-101,3;259,5
193,207;-104,2;255,4
193,528;-104,3;256,3
193,848;-106,1;259,4
194,169;-108,0;255,9
194,489;-107,8;255,9
194,809;-107,4;257,4
195,130;-106,6;255,5
195,450;-102,3;255,7
195,771;-101,9;254,5
196,091;-108,4;255,8
196,411;-106,3;252,9
196,732;-108,1;253,9
197,052;-107,8;254,2
197,373;-107,7;251,8
197,693;-110,8;247,9
198,013;-114,6;250,1
198,334;-114,4;249,3
198,654;-112,1;251,1
198,975;-113,6;250,2
199,295;-114,3;251,9
199,616;-114,3;251,3
199,936;-114,0;250,8
200,256;-118,5;248,3
200,577;-120,7;246,3
200,897;-121,2;245,2
201,218;-121,1;247,2
201,538;-120,6;247,8
201,858;-123,9;249,1
202,179;-124,3;249,0
202,499;-123,8;243,7
202,820;-124,1;245,3
203,140;-125,1;247,8
203,460;-128,7;241,7
203,781;-128,1;244,0
204,101;-128,3;241,9
204,422;-127,4;240,0
204,742;-129,2;240,9
205,062;-127,8;240,8
205,383;-127,0;242,4
205,703;-127,0;243,4
206,024;-129,1;242,9
206,344;-134,3;243,9
206,665;-133,6;242,6
206,985;-133,4;240,0
207,305;-133,3;236,6
207,626;-129,5;234,8
207,946;-128,8;232,0
208,267;-132,6;232,9
208,587;-132,8;236,3
208,907;-133,7;238,3
209,228;-132,6;237,7
209,548;-133,2;237,8
209,869;-133,2;237,6
210,189;-134,9;238,4
210,509;-134,2;237,5
210,830;-133,6;240,3
211,150;-138,9;237,1
211,471;-142,9;237,0
211,791;-139,2;233,8
212,112;-138,9;233,2
212,432;-139,1;233,0
212,752;-140,8;237,6
213,073;-143,3;243,5
213,393;-146,0;243,1
213,714;-145,5;243,0
214,034;-145,3;241,8
214,354;-142,8;243,7
214,675;-141,9;243,7
214,995;-144,6;245,8
215,316;-142,4;246,8
215,636;-143,9;243,2
215,956;-142,1;243,9
216,277;-142,8;245,6
216,597;-145,1;248,4
216,918;-149,1;250,0
217,238;-148,7;251,9
217,558;-147,9;253,8
217,879;-152,9;247,3
218,199;-152,3;249,1
218,520;-151,6;248,8
218,840;-153,3;248,8
219,161;-152,7;246,0
219,481;-158,0;243,3
219,801;-156,0;243,1
220,122;-156,8;245,7
220,442;-157,9;246,9
220,763;-155,1;247,0
221,083;-155,9;246,5
221,403;-154,5;248,8
221,724;-157,9;246,4
222,044;-158,3;248,9
222,365;-160,3;251,7
222,685;-161,2;252,9
223,005;-164,7;256,2
223,326;-165,0;259,2
223,646;-165,1;263,8
223,967;-165,2;264,7
224,287;-163,8;257,8
224,607;-161,1;254,6
224,928;-158,8;255,9
225,248;-158,2;254,8
225,569;-158,3;255,3
225,889;-156,1;258,0
226,210;-156,0;261,0
226,530;-158,0;258,4
226,850;-158,2;260,4
227,171;-158,2;261,6
227,491;-159,9;259,0
227,812;-162,6;257,1
228,132;-163,0;258,2
228,452;-163,9;263,2
228,773;-163,4;263,6
229,093;-162,3;263,6
229,414;-163,5;265,6
229,734;-164,0;262,9
230,054;-167,9;261,2
230,375;-170,8;259,7
230,695;-171,0;257,2
231,016;-172,6;257,0
231,336;-168,5;255,4
231,657;-167,7;255,7
231,977;-164,9;252,5
232,297;-165,2;254,2
232,618;-165,0;252,5
232,938;-168,1;255,0
233,259;-168,2;258,3
233,579;-168,2;258,8
233,899;-164,9;258,7
234,220;-165,4;260,1
234,540;-166,9;260,3
234,861;-167,6;260,6
235,181;-165,4;259,0
235,501;-169,8;259,1
235,822;-173,5;257,3
236,142;-171,7;250,9
236,463;-171,5;252,4
236,783;-173,0;250,5
237,103;-174,8;249,3
237,424;-175,4;250,6
237,744;-172,6;247,1
238,065;-178,5;244,6
238,385;-180,0;247,6
238,706;-182,1;247,9
239,026;-184,6;243,2
239,346;-184,0;246,5
239,667;-184,4;247,4
239,987;-187,2;247,6
240,308;-186,9;244,2
240,628;-187,2;244,2
240,948;-185,6;247,8
241,269;-184,5;248,8
241,589;-185,4;251,1
241,910;-182,4;252,1
242,230;-183,7;252,6
242,550;-186,1;252,8
242,871;-187,2;256,4
243,191;-183,6;253,1
243,512;-184,9;252,1
243,832;-178,6;252,4
244,153;-177,2;252,8
244,473;-177,1;252,2
244,793;-178,0;252,5
245,114;-183,8;252,3
245,434;-179,8;250,1
245,755;-181,6;250,5
246,075;-177,8;248,2
246,395;-179,7;250,1
246,716;-177,4;248,4
247,036;-172,4;249,2
247,357;-171,0;247,2
247,677;-167,5;243,8
247,997;-167,6;247,0
248,318;-166,1;247,0
248,638;-166,4;250,3
248,959;-169,2;247,8
249,279;-170,3;246,8
249,599;-173,4;247,5
249,920;-175,7;245,1
250,240;-176,1;244,1
250,561;-172,2;243,5
250,881;-167,5;243,4
251,202;-168,3;245,4
251,522;-171,0;247,8
251,842;-174,6;246,9
252,163;-175,1;245,5
252,483;-175,5;247,2
252,804;-176,5;246,5
253,124;-177,1;247,3
253,444;-173,7;248,6
253,765;-173,8;248,5
254,085;-171,4;245,7
254,406;-170,8;243,9
254,726;-173,5;238,1
255,046;-171,6;234,6
255,367;-168,3;235,7
255,687;-169,6;233,2
256,008;-168,2;232,1
256,328;-168,6;229,8
256,649;-170,7;230,7
256,969;-171,2;230,8
257,289;-174,3;227,4
257,610;-176,9;225,9
257,930;-176,0;226,3
258,251;-179,0;227,5
258,571;-179,5;229,3
258,891;-179,2;231,9
259,212;-175,3;229,2
259,532;-172,7;225,5
259,853;-174,6;226,5
260,173;-171,3;227,0
260,493;-171,2;225,3
260,814;-171,4;225,4
261,134;-173,2;221,8
261,455;-174,9;218,6
261,775;-175,1;223,9
262,095;-174,9;225,3
262,416;-172,9;228,4
262,736;-178,0;228,1
263,057;-174,9;226,0
263,377;-177,8;229,4
263,698;-177,9;231,9
264,018;-178,0;230,1
264,338;-178,5;224,8
264,659;-184,2;224,8
264,979;-182,7;227,8
265,300;-178,2;228,5
265,620;-176,0;228,2
265,940;-178,6;222,6
266,261;-181,9;220,1
266,581;-183,8;218,0
266,902;-183,6;218,0
267,222;-183,0;216,3
267,542;-184,8;216,8
267,863;-185,7;220,3
268,183;-185,7;218,3
268,504;-190,0;217,0
268,824;-193,6;216,6
269,145;-195,5;215,4
269,465;-195,0;216,7
269,785;-194,5;219,7
270,106;-195,0;221,5
270,426;-196,3;217,3
270,747;-196,9;217,4
271,067;-196,6;219,2
271,387;-190,3;217,7
271,708;-195,5;218,1
272,028;-193,9;215,5
272,349;-193,3;215,4
272,669;-195,6;217,5
272,989;-198,2;217,1
273,310;-195,9;217,5
273,630;-193,1;217,0
273,951;-198,1;215,4
274,271;-196,4;219,3
274,591;-194,3;219,5
274,912;-196,1;217,6
275,232;-198,0;215,7
275,553;-200,9;217,1
275,873;-196,0;219,5
276,194;-192,0;220,7
276,514;-185,9;219,8
276,834;-185,7;219,6
277,155;-187,9;221,5
277,475;-188,5;221,3
277,796;-191,0;217,5
278,116;-193,8;217,7
278,436;-194,4;213,9
278,757;-191,8;215,0
279,077;-189,6;218,1
279,398;-190,0;212,8
279,718;-190,5;215,8
280,038;-187,3;213,9
280,359;-187,4;213,5
280,679;-185,5;213,0
281,000;-182,2;211,0
281,320;-179,0;209,9
281,640;-185,4;207,3
281,961;-182,5;204,3
282,281;-183,4;201,6
282,602;-183,0;199,5
282,922;-181,3;196,3
283,243;-184,4;191,4
283,563;-183,3;189,2
283,883;-181,2;189,7
284,204;-181,3;187,7
284,524;-182,0;187,2
284,845;-181,0;185,8
285,165;-179,5;182,1
285,485;-181,5;181,3
285,806;-181,1;177,1
286,126;-178,7;175,8
286,447;-178,0;177,7
286,767;-176,0;179,1
287,087;-182,1;177,9
287,408;-185,7;180,1
287,728;-191,2;184,4
288,049;-191,8;186,3
288,369;-193,7;187,7
288,690;-193,5;188,0
289,010;-193,4;190,8
289,330;-193,8;192,4
289,651;-195,1;192,5
289,971;-196,8;188,0
290,292;-194,9;186,0
290,612;-197,4;186,4
290,932;-201,5;185,2
291,253;-199,7;184,0
291,573;-202,0;184,1
291,894;-199,9;188,9
292,214;-198,0;189,9
292,534;-193,8;188,5
292,855;-195,3;189,8
293,175;-199,6;190,2
293,496;-200,6;195,2
293,816;-201,0;194,4
294,136;-201,5;194,1
294,457;-202,0;198,2
294,777;-201,6;202,8
295,098;-198,4;201,0
295,418;-199,4;198,9
295,739;-198,7;198,7
296,059;-195,0;198,0
296,379;-193,2;199,9
296,700;-195,1;200,8
297,020;-194,2;198,2
297,341;-193,1;198,5
297,661;-193,4;196,3
297,981;-192,4;199,3
298,302;-193,3;201,8
298,622;-196,1;203,0
298,943;-199,0;206,4
299,263;-198,8;207,0
299,583;-201,3;204,8
299,904;-199,0;205,2
300,224;-198,5;203,5
300,545;-197,6;202,1
300,865;-196,4;201,1
301,186;-196,4;197,2
301,506;-195,3;199,0
301,826;-195,2;199,9
302,147;-195,2;196,7
302,467;-195,4;195,6
302,788;-194,9;198,5
303,108;-193,3;199,5
303,428;-192,5;198,6
303,749;-190,4;198,2
304,069;-190,4;201,2
304,390;-192,3;201,6
304,710;-196,0;202,4
305,030;-194,6;199,3
305,351;-193,6;201,6
305,671;-193,9;205,1
305,992;-194,2;204,7
306,312;-196,9;201,3
306,632;-195,4;200,9
306,953;-193,4;202,3
307,273;-192,6;199,9
307,594;-195,2;200,0
307,914;-195,7;197,7
308,235;-198,2;196,6
308,555;-197,3;193,5
308,875;-194,3;193,7
309,196;-195,0;195,1
309,516;-197,2;195,3
309,837;-198,9;195,0
310,157;-201,3;194,5
310,477;-197,5;187,5
310,798;-197,3;187,9
311,118;-196,7;190,2
311,439;-199,4;194,0
311,759;-200,8;197,7
312,079;-200,8;195,5
312,400;-201,2;197,7
312,720;-201,2;194,7
313,041;-203,2;193,8
313,361;-201,3;195,6
313,682;-205,1;193,7
314,002;-207,0;195,9
314,322;-208,1;197,8
314,643;-209,3;199,9
314,963;-210,8;198,0
315,284;-211,7;195,1
315,604;-216,4;193,6
315,924;-215,6;193,0
316,245;-214,0;193,8
316,565;-213,3;194,0
316,886;-206,3;195,6
317,206;-206,1;195,9
317,526;-209,1;195,5
317,847;-211,8;195,5
318,167;-210,3;197,7
318,488;-211,7;203,6
318,808;-211,9;206,6
319,128;-209,8;210,7
319,449;-210,9;213,4
319,769;-209,8;217,7
320,090;-206,8;219,6
320,410;-209,8;221,4
320,731;-208,5;221,9
321,051;-209,4;219,9
321,371;-207,9;224,9
321,692;-208,5;222,0
322,012;-208,4;221,8
322,333;-209,2;220,3
322,653;-205,8;217,4
322,973;-202,1;212,9
323,294;-200,3;212,3
323,614;-203,1;217,2
323,935;-203,8;215,7
324,255;-203,2;215,2
324,575;-204,4;212,3
324,896;-203,8;216,8
325,216;-202,8;219,7
325,537;-200,2;219,3
325,857;-196,0;219,5
326,178;-193,0;221,4
326,498;-192,4;222,5
326,818;-196,6;220,7
327,139;-196,4;215,9
327,459;-200,4;215,7
327,780;-199,8;213,9
328,100;-199,9;217,3
328,420;-197,6;215,2
328,741;-201,1;213,5
329,061;-201,0;211,1
329,382;-201,0;213,6
329,702;-201,8;216,6
330,022;-205,8;215,2
330,343;-211,4;217,2
330,663;-215,7;216,0
330,984;-216,4;215,1
331,304;-217,3;217,3
331,624;-215,5;220,4
331,945;-214,1;220,9
332,265;-213,2;220,4
332,586;-212,2;222,5
332,906;-211,7;222,0
333,227;-211,8;221,4
333,547;-217,0;221,4
333,867;-216,6;221,3
334,188;-221,9;219,1
334,508;-223,7;216,9
334,829;-224,6;216,7
335,149;-222,9;215,2
335,469;-225,8;214,1
335,790;-223,7;214,6
336,110;-227,7;218,3
336,431;-230,1;216,8
336,751;-230,3;217,1
337,071;-231,7;219,8
337,392;-235,7;217,9
337,712;-239,3;212,2
338,033;-242,0;209,4
338,353;-238,7;209,7
338,674;-236,2;211,1
338,994;-236,0;215,8
339,314;-235,9;217,8
339,635;-236,6;221,0
339,955;-235,0;220,1
340,276;-231,8;218,5
340,596;-232,8;217,3
340,916;-234,8;217,8
341,237;-237,2;218,5
341,557;-238,5;219,4
341,878;-238,6;213,6
342,198;-240,0;217,3
342,518;-240,0;217,6
342,839;-240,1;214,8
343,159;-240,4;215,6
343,480;-239,5;212,5
343,800;-237,9;210,4
344,120;-240,4;209,0
344,441;-237,9;209,2
344,761;-235,4;207,9
345,082;-238,9;207,2
345,402;-238,8;204,1
345,723;-237,5;205,1
346,043;-233,3;208,5
346,363;-234,6;210,5
346,684;-234,5;212,0
347,004;-236,7;211,7
347,325;-237,3;212,8
347,645;-237,8;211,7
347,965;-239,1;213,3
348,286;-242,9;213,5
348,606;-248,0;213,8
348,927;-248,6;211,7
349,247;-253,4;209,2
349,567;-252,5;213,0
349,888;-252,5;213,4
350,208;-253,9;210,1
350,529;-257,7;209,4
350,849;-258,0;209,7
351,169;-259,6;210,3
351,490;-258,0;213,8
351,810;-260,2;213,8
352,131;-262,4;218,8
352,451;-261,4;216,1
352,772;-262,0;217,6
353,092;-263,7;218,4
353,412;-265,9;216,3
353,733;-268,3;217,1
354,053;-265,5;217,8
354,374;-262,8;218,5
354,694;-263,7;218,6
355,014;-267,6;220,2
355,335;-272,0;220,3
355,655;-271,7;220,0
355,976;-271,9;226,5
356,296;-270,8;224,1
356,616;-275,5;221,6
356,937;-278,4;223,3
357,257;-279,6;220,9
357,578;-283,5;220,6
357,898;-286,1;220,1
358,219;-283,2;220,7
358,539;-276,8;218,9
358,859;-274,1;220,0
359,180;-269,7;222,7
359,500;-269,3;226,2
359,821;-269,5;228,0
360,141;-271,6;228,4
360,461;-269,3;224,1
360,782;-267,9;224,5
361,102;-266,5;222,3
361,423;-266,8;223,0
361,743;-264,2;222,7
362,063;-262,7;217,8
362,384;-264,4;219,2
362,704;-262,7;223,5
363,025;-262,1;224,4
363,345;-264,4;224,0
363,665;-262,4;226,9
363,986;-263,6;225,8
364,306;-265,0;225,4
364,627;-262,5;227,6
364,947;-259,9;226,8
365,268;-263,6;227,8
365,588;-266,4;225,9
365,908;-267,0;225,0
366,229;-270,4;223,3
366,549;-272,1;222,3
366,870;-272,2;221,1
367,190;-274,6;219,6
367,510;-276,3;217,9
367,831;-276,5;215,9
368,151;-280,0;215,8
368,472;-278,9;211,4
368,792;-276,1;211,7
369,112;-278,0;211,6
369,433;-280,8;211,0
369,753;-283,9;207,4
370,074;-284,0;203,9
370,394;-286,7;201,7
370,715;-286,7;200,0
371,035;-288,2;200,1
371,355;-290,2;199,0
371,676;-286,7;200,7
371,996;-286,6;205,6
372,317;-282,8;207,2
372,637;-282,6;207,3
372,957;-281,5;213,0
373,278;-283,4;215,1
373,598;-282,3;216,4
373,919;-282,3;220,2
374,239;-286,5;220,8
374,559;-289,4;219,2
374,880;-292,3;219,9
375,200;-289,6;220,2
375,521;-291,4;216,4
375,841;-294,4;220,1
376,161;-295,4;221,4
376,482;-294,7;221,1
376,802;-299,4;220,3
377,123;-305,1;217,3
377,443;-305,3;220,6
377,764;-303,6;219,5
378,084;-302,1;221,0
378,404;-302,1;218,3
378,725;-303,8;218,8
379,045;-299,3;218,2
379,366;-300,4;217,8
379,686;-299,4;219,6
380,006;-297,3;221,0
380,327;-295,5;219,6
380,647;-291,3;222,5
380,968;-291,6;223,3
381,288;-289,5;223,4
381,608;-289,2;221,7
381,929;-287,5;226,3
382,249;-288,4;229,8
382,570;-288,6;230,3
382,890;-292,2;232,6
383,211;-292,2;233,7
383,531;-294,3;233,4
383,851;-295,3;233,4
384,172;-294,4;233,2
384,492;-292,1;232,8
384,813;-293,0;234,6
